/*--------------------------------*- C++ -*----------------------------------*\
| =========                 |                                                 |
| \\      /  F ield         | OpenFOAM: The Open Source CFD Toolbox           |
|  \\    /   O peration     | Version:  2406                                  |
|   \\  /    A nd           | Website:  www.openfoam.com                      |
|    \\/     M anipulation  |                                                 |
\*---------------------------------------------------------------------------*/
FoamFile
{
    version     2.0;
    format      ascii;
    arch        "LSB;label=32;scalar=64";
    class       volTensorField;
    location    "30/fluidRegion";
    object      KdTotU;
}
// * * * * * * * * * * * * * * * * * * * * * * * * * * * * * * * * * * * * * //

dimensions      [1 -2 -2 0 0 0 0];

internalField   nonuniform List<tensor> 
75
(
(539.428 0 0 0 539.428 0 0 0 539.428)
(539.428 0 0 0 539.428 0 0 0 539.428)
(539.428 0 0 0 539.428 0 0 0 539.428)
(539.428 0 0 0 539.428 0 0 0 539.428)
(539.428 0 0 0 539.428 0 0 0 539.428)
(576.154 0 0 0 576.154 0 0 0 576.154)
(622.124 0 0 0 622.124 0 0 0 622.124)
(672.146 0 0 0 672.146 0 0 0 672.146)
(730.514 0 0 0 730.514 0 0 0 730.514)
(798.692 0 0 0 798.692 0 0 0 798.692)
(878.797 0 0 0 878.797 0 0 0 878.797)
(973.038 0 0 0 973.038 0 0 0 973.038)
(1083.91 0 0 0 1083.91 0 0 0 1083.91)
(1214.1 0 0 0 1214.1 0 0 0 1214.1)
(1366.32 0 0 0 1366.32 0 0 0 1366.32)
(1543.05 0 0 0 1543.05 0 0 0 1543.05)
(1747.25 0 0 0 1747.25 0 0 0 1747.25)
(2008.64 0 0 0 2008.64 0 0 0 2008.64)
(2311.08 0 0 0 2311.08 0 0 0 2311.08)
(2628.5 0 0 0 2628.5 0 0 0 2628.5)
(2952.25 0 0 0 2952.25 0 0 0 2952.25)
(3279.61 0 0 0 3279.61 0 0 0 3279.61)
(3609.15 0 0 0 3609.15 0 0 0 3609.15)
(3939.99 0 0 0 3939.99 0 0 0 3939.99)
(4271.06 0 0 0 4271.06 0 0 0 4271.06)
(4600.21 0 0 0 4600.21 0 0 0 4600.21)
(4926.38 0 0 0 4926.38 0 0 0 4926.38)
(5249.72 0 0 0 5249.72 0 0 0 5249.72)
(5570.38 0 0 0 5570.38 0 0 0 5570.38)
(5888.45 0 0 0 5888.45 0 0 0 5888.45)
(6204.18 0 0 0 6204.18 0 0 0 6204.18)
(6517.79 0 0 0 6517.79 0 0 0 6517.79)
(6829.35 0 0 0 6829.35 0 0 0 6829.35)
(7138.94 0 0 0 7138.94 0 0 0 7138.94)
(7446.56 0 0 0 7446.56 0 0 0 7446.56)
(7752.25 0 0 0 7752.25 0 0 0 7752.25)
(8056.01 0 0 0 8056.01 0 0 0 8056.01)
(8357.75 0 0 0 8357.75 0 0 0 8357.75)
(8824.62 0 0 0 8824.62 0 0 0 8824.62)
(9315.66 0 0 0 9315.66 0 0 0 9315.66)
(9806.28 0 0 0 9806.28 0 0 0 9806.28)
(10299 0 0 0 10299 0 0 0 10299)
(10795 0 0 0 10795 0 0 0 10795)
(11294.8 0 0 0 11294.8 0 0 0 11294.8)
(11798.8 0 0 0 11798.8 0 0 0 11798.8)
(12306.9 0 0 0 12306.9 0 0 0 12306.9)
(12819.2 0 0 0 12819.2 0 0 0 12819.2)
(13335.5 0 0 0 13335.5 0 0 0 13335.5)
(13855.6 0 0 0 13855.6 0 0 0 13855.6)
(14379.5 0 0 0 14379.5 0 0 0 14379.5)
(14906.8 0 0 0 14906.8 0 0 0 14906.8)
(15437.5 0 0 0 15437.5 0 0 0 15437.5)
(15971.3 0 0 0 15971.3 0 0 0 15971.3)
(16508 0 0 0 16508 0 0 0 16508)
(17047.5 0 0 0 17047.5 0 0 0 17047.5)
(17589.5 0 0 0 17589.5 0 0 0 17589.5)
(18134 0 0 0 18134 0 0 0 18134)
(18680.6 0 0 0 18680.6 0 0 0 18680.6)
(19229.3 0 0 0 19229.3 0 0 0 19229.3)
(19779.8 0 0 0 19779.8 0 0 0 19779.8)
(20332 0 0 0 20332 0 0 0 20332)
(20885.7 0 0 0 20885.7 0 0 0 20885.7)
(21440.8 0 0 0 21440.8 0 0 0 21440.8)
(21997.1 0 0 0 21997.1 0 0 0 21997.1)
(22554.4 0 0 0 22554.4 0 0 0 22554.4)
(23112.5 0 0 0 23112.5 0 0 0 23112.5)
(23671.4 0 0 0 23671.4 0 0 0 23671.4)
(24230.8 0 0 0 24230.8 0 0 0 24230.8)
(24791 0 0 0 24791 0 0 0 24791)
(25350.2 0 0 0 25350.2 0 0 0 25350.2)
(25913.5 0 0 0 25913.5 0 0 0 25913.5)
(26464.6 0 0 0 26464.6 0 0 0 26464.6)
(27052.7 0 0 0 27052.7 0 0 0 27052.7)
(27529.1 0 0 0 27529.1 0 0 0 27529.1)
(28339.2 0 0 0 28339.2 0 0 0 28339.2)
)
;

boundaryField
{
    inlet
    {
        type            zeroGradient;
    }
    outlet
    {
        type            zeroGradient;
    }
    fixedWalls
    {
        type            zeroGradient;
    }
}


// ************************************************************************* //
