/*--------------------------------*- C++ -*----------------------------------*\
| =========                 |                                                 |
| \\      /  F ield         | OpenFOAM: The Open Source CFD Toolbox           |
|  \\    /   O peration     | Version:  2406                                  |
|   \\  /    A nd           | Website:  www.openfoam.com                      |
|    \\/     M anipulation  |                                                 |
\*---------------------------------------------------------------------------*/
FoamFile
{
    version     2.0;
    format      ascii;
    arch        "LSB;label=32;scalar=64";
    class       volScalarField;
    location    "30/fluidRegion";
    object      p;
}
// * * * * * * * * * * * * * * * * * * * * * * * * * * * * * * * * * * * * * //

dimensions      [1 -1 -2 0 0 0 0];

internalField   nonuniform List<scalar> 
75
(
7.24095e+06
7.24093e+06
7.24091e+06
7.24089e+06
7.24087e+06
7.24085e+06
7.24081e+06
7.24077e+06
7.24073e+06
7.24068e+06
7.24063e+06
7.24057e+06
7.2405e+06
7.24042e+06
7.24034e+06
7.24024e+06
7.24013e+06
7.24e+06
7.23985e+06
7.23968e+06
7.2395e+06
7.2393e+06
7.23908e+06
7.23885e+06
7.2386e+06
7.23834e+06
7.23807e+06
7.23778e+06
7.23747e+06
7.23715e+06
7.23682e+06
7.23647e+06
7.23611e+06
7.23573e+06
7.23534e+06
7.23494e+06
7.23452e+06
7.23408e+06
7.23363e+06
7.23315e+06
7.23266e+06
7.23214e+06
7.2316e+06
7.23104e+06
7.23045e+06
7.22984e+06
7.2292e+06
7.22854e+06
7.22785e+06
7.22714e+06
7.2264e+06
7.22564e+06
7.22485e+06
7.22404e+06
7.2232e+06
7.22233e+06
7.22144e+06
7.22052e+06
7.21957e+06
7.2186e+06
7.2176e+06
7.21657e+06
7.21552e+06
7.21444e+06
7.21333e+06
7.21219e+06
7.21103e+06
7.20983e+06
7.20862e+06
7.20737e+06
7.2061e+06
7.20479e+06
7.20346e+06
7.20211e+06
7.20072e+06
)
;

boundaryField
{
    inlet
    {
        type            calculated;
        value           uniform 7.24097e+06;
    }
    outlet
    {
        type            calculated;
        value           uniform 7.2e+06;
    }
    fixedWalls
    {
        type            calculated;
        value           nonuniform List<scalar> 
300
(
7.24095e+06
7.24093e+06
7.24091e+06
7.24089e+06
7.24087e+06
7.24085e+06
7.24081e+06
7.24077e+06
7.24073e+06
7.24068e+06
7.24063e+06
7.24057e+06
7.2405e+06
7.24042e+06
7.24034e+06
7.24024e+06
7.24013e+06
7.24e+06
7.23985e+06
7.23968e+06
7.2395e+06
7.2393e+06
7.23908e+06
7.23885e+06
7.2386e+06
7.23834e+06
7.23807e+06
7.23778e+06
7.23747e+06
7.23715e+06
7.23682e+06
7.23647e+06
7.23611e+06
7.23573e+06
7.23534e+06
7.23494e+06
7.23452e+06
7.23408e+06
7.23363e+06
7.23315e+06
7.23266e+06
7.23214e+06
7.2316e+06
7.23104e+06
7.23045e+06
7.22984e+06
7.2292e+06
7.22854e+06
7.22785e+06
7.22714e+06
7.2264e+06
7.22564e+06
7.22485e+06
7.22404e+06
7.2232e+06
7.22233e+06
7.22144e+06
7.22052e+06
7.21957e+06
7.2186e+06
7.2176e+06
7.21657e+06
7.21552e+06
7.21444e+06
7.21333e+06
7.21219e+06
7.21103e+06
7.20983e+06
7.20862e+06
7.20737e+06
7.2061e+06
7.20479e+06
7.20346e+06
7.20211e+06
7.20072e+06
7.24095e+06
7.24093e+06
7.24091e+06
7.24089e+06
7.24087e+06
7.24085e+06
7.24081e+06
7.24077e+06
7.24073e+06
7.24068e+06
7.24063e+06
7.24057e+06
7.2405e+06
7.24042e+06
7.24034e+06
7.24024e+06
7.24013e+06
7.24e+06
7.23985e+06
7.23968e+06
7.2395e+06
7.2393e+06
7.23908e+06
7.23885e+06
7.2386e+06
7.23834e+06
7.23807e+06
7.23778e+06
7.23747e+06
7.23715e+06
7.23682e+06
7.23647e+06
7.23611e+06
7.23573e+06
7.23534e+06
7.23494e+06
7.23452e+06
7.23408e+06
7.23363e+06
7.23315e+06
7.23266e+06
7.23214e+06
7.2316e+06
7.23104e+06
7.23045e+06
7.22984e+06
7.2292e+06
7.22854e+06
7.22785e+06
7.22714e+06
7.2264e+06
7.22564e+06
7.22485e+06
7.22404e+06
7.2232e+06
7.22233e+06
7.22144e+06
7.22052e+06
7.21957e+06
7.2186e+06
7.2176e+06
7.21657e+06
7.21552e+06
7.21444e+06
7.21333e+06
7.21219e+06
7.21103e+06
7.20983e+06
7.20862e+06
7.20737e+06
7.2061e+06
7.20479e+06
7.20346e+06
7.20211e+06
7.20072e+06
7.24095e+06
7.24093e+06
7.24091e+06
7.24089e+06
7.24087e+06
7.24085e+06
7.24081e+06
7.24077e+06
7.24073e+06
7.24068e+06
7.24063e+06
7.24057e+06
7.2405e+06
7.24042e+06
7.24034e+06
7.24024e+06
7.24013e+06
7.24e+06
7.23985e+06
7.23968e+06
7.2395e+06
7.2393e+06
7.23908e+06
7.23885e+06
7.2386e+06
7.23834e+06
7.23807e+06
7.23778e+06
7.23747e+06
7.23715e+06
7.23682e+06
7.23647e+06
7.23611e+06
7.23573e+06
7.23534e+06
7.23494e+06
7.23452e+06
7.23408e+06
7.23363e+06
7.23315e+06
7.23266e+06
7.23214e+06
7.2316e+06
7.23104e+06
7.23045e+06
7.22984e+06
7.2292e+06
7.22854e+06
7.22785e+06
7.22714e+06
7.2264e+06
7.22564e+06
7.22485e+06
7.22404e+06
7.2232e+06
7.22233e+06
7.22144e+06
7.22052e+06
7.21957e+06
7.2186e+06
7.2176e+06
7.21657e+06
7.21552e+06
7.21444e+06
7.21333e+06
7.21219e+06
7.21103e+06
7.20983e+06
7.20862e+06
7.20737e+06
7.2061e+06
7.20479e+06
7.20346e+06
7.20211e+06
7.20072e+06
7.24095e+06
7.24093e+06
7.24091e+06
7.24089e+06
7.24087e+06
7.24085e+06
7.24081e+06
7.24077e+06
7.24073e+06
7.24068e+06
7.24063e+06
7.24057e+06
7.2405e+06
7.24042e+06
7.24034e+06
7.24024e+06
7.24013e+06
7.24e+06
7.23985e+06
7.23968e+06
7.2395e+06
7.2393e+06
7.23908e+06
7.23885e+06
7.2386e+06
7.23834e+06
7.23807e+06
7.23778e+06
7.23747e+06
7.23715e+06
7.23682e+06
7.23647e+06
7.23611e+06
7.23573e+06
7.23534e+06
7.23494e+06
7.23452e+06
7.23408e+06
7.23363e+06
7.23315e+06
7.23266e+06
7.23214e+06
7.2316e+06
7.23104e+06
7.23045e+06
7.22984e+06
7.2292e+06
7.22854e+06
7.22785e+06
7.22714e+06
7.2264e+06
7.22564e+06
7.22485e+06
7.22404e+06
7.2232e+06
7.22233e+06
7.22144e+06
7.22052e+06
7.21957e+06
7.2186e+06
7.2176e+06
7.21657e+06
7.21552e+06
7.21444e+06
7.21333e+06
7.21219e+06
7.21103e+06
7.20983e+06
7.20862e+06
7.20737e+06
7.2061e+06
7.20479e+06
7.20346e+06
7.20211e+06
7.20072e+06
)
;
    }
}


// ************************************************************************* //
