1.232128620147705078e+00
1.206386446952819824e+00
1.171947836875915527e+00
1.144319653511047363e+00
1.140338778495788574e+00
1.145212173461914062e+00
1.146178364753723145e+00
1.145576119422912598e+00
1.145301222801208496e+00
1.145304799079895020e+00
1.145318746566772461e+00
1.145319700241088867e+00
1.145321488380432129e+00
1.145336151123046875e+00
1.145336747169494629e+00
1.145344376564025879e+00
1.145349979400634766e+00
1.145351409912109375e+00
1.145352482795715332e+00
1.145354390144348145e+00
1.145352721214294434e+00
1.145347476005554199e+00
1.145359992980957031e+00
1.145353913307189941e+00
1.145356059074401855e+00
1.145354390144348145e+00
1.145363211631774902e+00
1.145357131958007812e+00
1.145358920097351074e+00
1.145357847213745117e+00
1.145359635353088379e+00
1.145357847213745117e+00
1.145358443260192871e+00
