1.239438056945800781e+00
1.220612168312072754e+00
1.203058600425720215e+00
1.197781085968017578e+00
1.198735117912292480e+00
1.199324488639831543e+00
1.199361324310302734e+00
1.199338078498840332e+00
1.199322819709777832e+00
1.199317097663879395e+00
1.199321150779724121e+00
1.199320912361145020e+00
1.199313163757324219e+00
1.199308991432189941e+00
1.199309468269348145e+00
1.199307680130004883e+00
1.199312686920166016e+00
1.199311494827270508e+00
1.199310898780822754e+00
1.199317455291748047e+00
1.199302554130554199e+00
1.199304819107055664e+00
1.199303865432739258e+00
1.199308514595031738e+00
1.199307918548583984e+00
1.199306011199951172e+00
1.199312210083007812e+00
1.199305534362792969e+00
1.199301362037658691e+00
1.199306845664978027e+00
1.199307799339294434e+00
1.199304461479187012e+00
1.199297189712524414e+00
1.199302434921264648e+00
1.199306130409240723e+00
1.199304103851318359e+00
1.199305534362792969e+00
1.199308872222900391e+00
1.199304938316345215e+00
1.199298381805419922e+00
1.199302077293395996e+00
1.199294924736022949e+00
1.199301719665527344e+00
1.199304461479187012e+00
1.199301481246948242e+00
1.199303865432739258e+00
1.199306845664978027e+00
1.199305653572082520e+00
1.199304103851318359e+00
1.199306249618530273e+00
1.199302077293395996e+00
1.199307084083557129e+00
1.199300885200500488e+00
1.199302077293395996e+00
1.199312448501586914e+00
1.199297547340393066e+00
1.199301958084106445e+00
1.199299573898315430e+00
1.199306249618530273e+00
1.199297308921813965e+00
1.199296832084655762e+00
1.199303507804870605e+00
1.199298143386840820e+00
1.199301719665527344e+00
1.199300765991210938e+00
1.199305295944213867e+00
1.199301838874816895e+00
1.199301362037658691e+00
1.199303150177001953e+00
1.199305772781372070e+00
1.199301242828369141e+00
1.199300765991210938e+00
1.199296355247497559e+00
1.199311733245849609e+00
1.199305295944213867e+00
1.199304223060607910e+00
1.199301600456237793e+00
1.199297785758972168e+00
1.199300050735473633e+00
1.199300885200500488e+00
1.199305772781372070e+00
1.199306726455688477e+00
1.199302554130554199e+00
1.199302434921264648e+00
1.199300169944763184e+00
1.199301958084106445e+00
1.199310421943664551e+00
1.199306964874267578e+00
1.199305653572082520e+00
1.199300169944763184e+00
1.199296355247497559e+00
1.199301958084106445e+00
1.199298501014709473e+00
1.199299812316894531e+00
1.199300646781921387e+00
1.199302554130554199e+00
1.199301838874816895e+00
1.199303030967712402e+00
1.199297308921813965e+00
1.199304461479187012e+00
1.199302554130554199e+00
1.199308156967163086e+00
1.199299335479736328e+00
1.199303030967712402e+00
1.199301838874816895e+00
1.199301838874816895e+00
