1.232128620147705078e+00
1.218729853630065918e+00
1.194226622581481934e+00
1.171137452125549316e+00
1.150153636932373047e+00
1.139595866203308105e+00
1.140697836875915527e+00
1.144649624824523926e+00
1.146124362945556641e+00
1.146071434020996094e+00
1.145586013793945312e+00
1.145314693450927734e+00
1.145267248153686523e+00
1.145276069641113281e+00
1.145297408103942871e+00
1.145307540893554688e+00
1.145312905311584473e+00
1.145321249961853027e+00
1.145327925682067871e+00
1.145337939262390137e+00
1.145338535308837891e+00
1.145348310470581055e+00
1.145351052284240723e+00
1.145355939865112305e+00
1.145351529121398926e+00
1.145349860191345215e+00
1.145356535911560059e+00
1.145355463027954102e+00
1.145356416702270508e+00
1.145354628562927246e+00
1.145359396934509277e+00
1.145361661911010742e+00
1.145358681678771973e+00
1.145363450050354004e+00
1.145360231399536133e+00
1.145357131958007812e+00
1.145361065864562988e+00
1.145363211631774902e+00
1.145365595817565918e+00
1.145357966423034668e+00
1.145362734794616699e+00
1.145356297492980957e+00
1.145366311073303223e+00
1.145360708236694336e+00
1.145361185073852539e+00
1.145369172096252441e+00
1.145363807678222656e+00
1.145368695259094238e+00
1.145369291305541992e+00
1.145369648933410645e+00
1.145355224609375000e+00
1.145366311073303223e+00
1.145369410514831543e+00
1.145366668701171875e+00
1.145361423492431641e+00
1.145366072654724121e+00
1.145365118980407715e+00
1.145363807678222656e+00
1.145365834236145020e+00
1.145364522933959961e+00
1.145365715026855469e+00
1.145365476608276367e+00
1.145363688468933105e+00
1.145364761352539062e+00
1.145366668701171875e+00
1.145368695259094238e+00
1.145365595817565918e+00
1.145366191864013672e+00
1.145369529724121094e+00
1.145364284515380859e+00
1.145364880561828613e+00
1.145365238189697266e+00
1.145370841026306152e+00
1.145362734794616699e+00
1.145369052886962891e+00
1.145362496376037598e+00
1.145364165306091309e+00
1.145363450050354004e+00
1.145366311073303223e+00
1.145370364189147949e+00
1.145363926887512207e+00
1.145370125770568848e+00
1.145361900329589844e+00
1.145367980003356934e+00
1.145368099212646484e+00
1.145366668701171875e+00
1.145366072654724121e+00
1.145365595817565918e+00
1.145365476608276367e+00
1.145369172096252441e+00
1.145362019538879395e+00
1.145366907119750977e+00
1.145367980003356934e+00
1.145367383956909180e+00
1.145363926887512207e+00
1.145365595817565918e+00
1.145364999771118164e+00
1.145364761352539062e+00
1.145364284515380859e+00
1.145365595817565918e+00
1.145362734794616699e+00
1.145364999771118164e+00
1.145363569259643555e+00
1.145365953445434570e+00
1.145364284515380859e+00
1.145362973213195801e+00
1.145363330841064453e+00
1.145365238189697266e+00
1.145364761352539062e+00
1.145365953445434570e+00
1.145363688468933105e+00
1.145366311073303223e+00
1.145372748374938965e+00
1.145366907119750977e+00
1.145367860794067383e+00
1.145368337631225586e+00
1.145364522933959961e+00
1.145362496376037598e+00
1.145359992980957031e+00
1.145363688468933105e+00
1.145362615585327148e+00
1.145365118980407715e+00
1.145362257957458496e+00
1.145365834236145020e+00
1.145363807678222656e+00
1.145363211631774902e+00
1.145364046096801758e+00
1.145363807678222656e+00
1.145367503166198730e+00
1.145367264747619629e+00
1.145366668701171875e+00
1.145365476608276367e+00
1.145367741584777832e+00
1.145368337631225586e+00
1.145366549491882324e+00
1.145363211631774902e+00
1.145364761352539062e+00
1.145367145538330078e+00
1.145366668701171875e+00
1.145366907119750977e+00
1.145368456840515137e+00
1.145366787910461426e+00
1.145366072654724121e+00
1.145362019538879395e+00
1.145366549491882324e+00
1.145370364189147949e+00
1.145366430282592773e+00
1.145363688468933105e+00
1.145367383956909180e+00
1.145361304283142090e+00
1.145363330841064453e+00
1.145363092422485352e+00
1.145365595817565918e+00
1.145362854003906250e+00
1.145370125770568848e+00
1.145365953445434570e+00
1.145365238189697266e+00
1.145367026329040527e+00
1.145363688468933105e+00
1.145365357398986816e+00
1.145362257957458496e+00
1.145362138748168945e+00
1.145365118980407715e+00
1.145369887351989746e+00
1.145366549491882324e+00
1.145364046096801758e+00
1.145365595817565918e+00
1.145367860794067383e+00
1.145367741584777832e+00
1.145362734794616699e+00
1.145368814468383789e+00
1.145369410514831543e+00
1.145368456840515137e+00
1.145369291305541992e+00
1.145368695259094238e+00
1.145367383956909180e+00
1.145365238189697266e+00
1.145368576049804688e+00
1.145362854003906250e+00
1.145363569259643555e+00
1.145363807678222656e+00
1.145367145538330078e+00
1.145364522933959961e+00
1.145362019538879395e+00
1.145372509956359863e+00
1.145360112190246582e+00
1.145361423492431641e+00
1.145367622375488281e+00
1.145367026329040527e+00
1.145367741584777832e+00
1.145365715026855469e+00
1.145364165306091309e+00
1.145368933677673340e+00
1.145368337631225586e+00
1.145365953445434570e+00
1.145373344421386719e+00
1.145370721817016602e+00
1.145367622375488281e+00
1.145364165306091309e+00
1.145363688468933105e+00
1.145366430282592773e+00
1.145364522933959961e+00
1.145369887351989746e+00
1.145366191864013672e+00
1.145365238189697266e+00
1.145361185073852539e+00
1.145366668701171875e+00
1.145365595817565918e+00
1.145364165306091309e+00
1.145364046096801758e+00
1.145367503166198730e+00
1.145366907119750977e+00
1.145369529724121094e+00
1.145368218421936035e+00
1.145365357398986816e+00
1.145366191864013672e+00
1.145364046096801758e+00
1.145363688468933105e+00
1.145369529724121094e+00
1.145367026329040527e+00
1.145361065864562988e+00
1.145364522933959961e+00
1.145365238189697266e+00
1.145370244979858398e+00
1.145363092422485352e+00
1.145365595817565918e+00
1.145365357398986816e+00
1.145368814468383789e+00
1.145365595817565918e+00
1.145361185073852539e+00
1.145363330841064453e+00
1.145365834236145020e+00
1.145363092422485352e+00
1.145366311073303223e+00
1.145365238189697266e+00
1.145362973213195801e+00
1.145367622375488281e+00
1.145364999771118164e+00
1.145368218421936035e+00
1.145365238189697266e+00
1.145364642143249512e+00
1.145365953445434570e+00
1.145362973213195801e+00
1.145366072654724121e+00
1.145363092422485352e+00
1.145364999771118164e+00
1.145366907119750977e+00
1.145365238189697266e+00
1.145365238189697266e+00
