7.240541992187500000e+02
1.592535034179687500e+03
2.233319091796875000e+03
2.570992919921875000e+03
2.340545410156250000e+03
1.928986572265625000e+03
1.576110595703125000e+03
1.286394531250000000e+03
1.049644653320312500e+03
8.563019409179687500e+02
6.984056396484375000e+02
5.694964599609375000e+02
4.642827758789062500e+02
3.784343872070312500e+02
3.084126586914062500e+02
2.513096008300781250e+02
2.047535705566406250e+02
1.668035278320312500e+02
1.358678741455078125e+02
1.106565551757812500e+02
9.011230468750000000e+01
7.337318420410156250e+01
5.973479461669921875e+01
4.862200927734375000e+01
3.956642913818359375e+01
3.218696212768554688e+01
2.617202377319335938e+01
2.126731872558593750e+01
1.726573944091796875e+01
1.399735260009765625e+01
1.132398796081542969e+01
9.132154464721679688e+00
7.328964233398437500e+00
5.837973594665527344e+00
4.595765590667724609e+00
3.549434185028076172e+00
2.654612541198730469e+00
1.873043775558471680e+00
1.170904159545898438e+00
5.117284655570983887e-01
