3.608209960937500000e+03
3.438254882812500000e+03
3.097430664062500000e+03
2.357491210937500000e+03
1.739701171875000000e+03
1.306905151367187500e+03
9.939932250976562500e+02
7.617686767578125000e+02
5.866168212890625000e+02
4.532043457031250000e+02
3.508975830078125000e+02
2.721181335449218750e+02
2.112626953125000000e+02
1.641524353027343750e+02
1.276235351562500000e+02
9.926934814453125000e+01
7.723970794677734375e+01
6.011335372924804688e+01
4.679291534423828125e+01
3.642867660522460938e+01
2.836290168762207031e+01
2.208470726013183594e+01
1.719722747802734375e+01
1.339225196838378906e+01
1.042974281311035156e+01
8.123486518859863281e+00
6.328115463256835938e+00
4.930938720703125000e+00
3.844110250473022461e+00
2.999127388000488281e+00
2.342941522598266602e+00
1.834216117858886719e+00
1.440962195396423340e+00
1.138449668884277344e+00
9.076595306396484375e-01
7.340555787086486816e-01
6.067000031471252441e-01
5.175900459289550781e-01
4.611181020736694336e-01
4.337208271026611328e-01
