7.240054931640625000e+02
1.592428710937500000e+03
2.233238769531250000e+03
2.570958740234375000e+03
2.340541259765625000e+03
1.928980712890625000e+03
1.576102661132812500e+03
1.286422851562500000e+03
1.049676635742187500e+03
8.563231811523437500e+02
6.984184570312500000e+02
5.695086059570312500e+02
4.642946166992187500e+02
3.784486694335937500e+02
3.084241943359375000e+02
2.513208007812500000e+02
2.047608184814453125e+02
1.668085021972656250e+02
1.358750762939453125e+02
1.106655044555664062e+02
9.012145996093750000e+01
7.338282012939453125e+01
5.974401092529296875e+01
4.863103485107421875e+01
3.957519531250000000e+01
3.219514465332031250e+01
2.617953109741210938e+01
2.127391433715820312e+01
1.727153968811035156e+01
1.400249195098876953e+01
1.132854843139648438e+01
9.136253356933593750e+00
7.332590103149414062e+00
5.841196060180664062e+00
4.598450183868408203e+00
3.551634788513183594e+00
2.656316995620727539e+00
1.874280571937561035e+00
1.171687602996826172e+00
5.120784640312194824e-01
