1.233418193806587309e+08
2.712865539003914595e+08
3.804433982110846043e+08
4.379657554643245339e+08
3.987092810775957108e+08
3.286006954186879992e+08
2.684886692583429813e+08
2.191358631672940850e+08
1.788057874443656206e+08
1.458700736021870077e+08
1.189726160733525008e+08
9.701308213973183930e+07
7.909004926122385263e+07
6.446587269942484051e+07
5.253774991439771652e+07
4.281030816153611243e+07
3.487954070895767212e+07
2.841479356671661139e+07
2.314493971662796289e+07
1.885021985440295190e+07
1.535052986466081068e+07
1.249903949628494121e+07
1.017575515245054103e+07
8.282704654819620773e+06
6.740096751824915409e+06
5.483012837227778509e+06
4.458374846168471500e+06
3.622863851618399844e+06
2.941199316146550234e+06
2.384433289761282969e+06
1.929028626915924484e+06
1.555652253324859776e+06
1.248480823256755946e+06
9.944922430382138118e+05
7.828835051459013484e+05
6.046421257215916412e+05
4.522102640043437714e+05
3.190709028499177075e+05
1.994622080979597522e+05
8.717236919389302784e+04
