6.146545131146889925e+08
5.857028564962508678e+08
5.276438337394249439e+08
4.015959792025106549e+08
2.963561401194204688e+08
2.226298242611029744e+08
1.693256291695832312e+08
1.297664382581933439e+08
9.992951645769289136e+07
7.720285112711066008e+07
5.977500904097863287e+07
4.635501833165875822e+07
3.598836279828420281e+07
2.796318293278510496e+07
2.174052583211053535e+07
1.691042192986350134e+07
1.315769747190983221e+07
1.024024227197183855e+07
7.971120558255075477e+06
6.205584133019539528e+06
4.831588437496438622e+06
3.762105070163332392e+06
2.929528380239545368e+06
2.281355076963810250e+06
1.776694970665769186e+06
1.383826801959773293e+06
1.077987359690970741e+06
8.399798712890476454e+05
6.548398624091639649e+05
5.108979811034606537e+05
3.991174561401235987e+05
3.124566549826659029e+05
2.454662911018447194e+05
1.939336220755384129e+05
1.546187813123447122e+05
1.250455431404708943e+05
1.033506639242757810e+05
8.817088282490413985e+04
7.855095063393114833e+04
7.388385562275345728e+04
