1.233335223589627147e+08
2.712684418555362225e+08
3.804297154033753872e+08
4.379599329929589033e+08
3.987085740632156134e+08
3.285996972807396054e+08
2.684873176132045388e+08
2.191406875007113218e+08
1.788112356140005887e+08
1.458736918522499204e+08
1.189747995001146197e+08
9.701515119652070105e+07
7.909206633166123927e+07
6.446830566067405045e+07
5.253971499848361313e+07
4.281221606063538790e+07
3.488077538480529189e+07
2.841564094424571842e+07
2.314616659452286363e+07
1.885174435416006669e+07
1.535208945520517416e+07
1.250068096533288434e+07
1.017732514026520029e+07
8.284242151164607145e+06
6.741590059771143831e+06
5.484406721276803873e+06
4.459653710414850153e+06
3.623987406639735214e+06
2.942187381739344448e+06
2.385308772411655635e+06
1.929805497955835890e+06
1.556350495008159429e+06
1.249098486095263623e+06
9.950411864183603320e+05
7.833408225815664046e+05
6.050169960529583041e+05
4.525006159002202912e+05
3.192815897235866869e+05
1.995956668096467620e+05
8.723199104074526986e+04
