-3.119166578894873808e-04
7.665674778911618452e-05
7.543228438488413677e-04
4.273259971241745079e-04
-2.399112119936515158e-04
-1.392208391873659854e-04
-1.231451551446850583e-03
-1.708040143567531586e-04
-3.488785473620765109e-04
-3.991431252411020182e-04
1.398250369314014562e-04
8.252282345485598353e-04
4.601044726412248484e-04
8.225206807452607044e-04
-3.562071067278542967e-04
-3.460708241815592888e-04
-5.141857897910940807e-04
-2.927187848806539310e-04
5.615009775820675839e-05
-8.272917481883123214e-05
1.862453097869144671e-04
5.718219849435077478e-04
4.469569383673662670e-04
1.004062846176977889e-03
6.554638891453933892e-04
1.398162908721284521e-03
1.938020077884355799e-03
7.800192422716381493e-04
8.503416385542697997e-04
7.219444060537474547e-04
5.387758675558587673e-04
7.411285090782098947e-04
0.000000000000000000e+00
-1.632666922234784536e-04
3.836736691570736212e-04
8.592617813524061144e-04
1.265566013177652849e-03
1.717275627377837168e-04
-2.136567567541104143e-04
-4.306688356984988910e-04
