9.104093166576224770e-04
1.142121454584391028e-03
1.661652012245539876e-03
-4.937878169065375127e-04
-1.397724921068444317e-03
-3.417221480044219020e-04
-2.555854917566980386e-04
-1.802970783463278234e-04
-8.489594199688399109e-04
-9.337279795155159793e-04
-9.700432298493704081e-04
-2.893686907618648338e-04
2.432037532664964286e-04
1.128984549305721519e-04
7.718196380282656144e-04
1.171853677612600840e-03
1.028423846551080201e-03
4.573901719231228836e-04
4.604570698991240860e-04
8.480505145703354924e-04
1.015995150317310254e-03
9.566315256946166315e-04
1.622084462837939832e-03
2.353740894544022622e-03
3.085294311047601882e-03
3.460811700201235803e-03
3.060943828903348301e-03
3.569570114348585496e-03
3.745077956716396077e-03
3.883702064724196650e-03
4.404752449959095650e-03
3.968511739174260949e-03
4.548041469546337638e-03
4.753916998894304469e-03
5.571994842637103575e-03
5.434418625024221502e-03
6.314248942551302368e-03
6.753157578529438848e-03
7.463200971975585650e-03
7.047360827438575899e-03
