2.093102047714554604e-14
-3.121421517438975571e-06
-3.226400526162354763e-06
-7.160618987336148463e-06
-1.377976037240741672e-08
-1.154358121308081204e-08
-9.646052795866627554e-09
-9.969702728225896084e-09
-1.091972182932178602e-08
-1.096174126154366467e-08
-1.106645085399647705e-08
-1.157649034926853299e-08
-1.193974177367873749e-08
-1.197804672076654112e-08
-1.186425671620749105e-08
-1.150342027265537811e-08
-1.106225795658126938e-08
-1.055085601573716085e-08
-1.000805337906336370e-08
-9.483187394878140458e-09
-8.935246713490820636e-09
-8.442425402994400802e-09
-7.952344897783130909e-09
-7.480608281728579664e-09
-7.042313049136530967e-09
-6.614257967248409875e-09
-6.185378920441628569e-09
-5.739605641334029546e-09
-5.284070687770916897e-09
-4.825663889025449945e-09
-4.365965825449172600e-09
-3.898977577164937388e-09
-3.424637974052369948e-09
-2.942865577923022222e-09
-2.458098554294060382e-09
-1.969424702555313793e-09
-1.477796416084713431e-09
-9.849971492823562279e-10
-4.925672486260985369e-10
0.000000000000000000e+00
