0.000000000000000000e+00
3.624785311562112431e-06
6.409259348999970791e-06
-2.996395941359514886e-06
-4.997559937624663354e-08
-4.843529577577753274e-08
-4.725209137056490815e-08
-4.566886513988830866e-08
-4.285765936866769506e-08
-3.917668669599862139e-08
-3.545527736212003934e-08
-3.207102852532449901e-08
-2.885524038647506412e-08
-2.548633865650147448e-08
-2.232588939691928362e-08
-1.934956517301267823e-08
-1.652716206897608497e-08
-1.385359966140817568e-08
-1.140004423782048468e-08
-9.202997757208950042e-09
-7.240891582158602060e-09
-5.491811506167249313e-09
-4.033193759581451580e-09
-2.817958811124613182e-09
-1.835702253770318052e-09
-1.045460397946153914e-09
-4.082124340683175975e-10
8.896351258240963020e-11
4.584632099959204140e-10
7.240522404907194674e-10
8.901841823863065999e-10
9.793904498064475998e-10
1.000584696769637529e-09
9.634310183531107448e-10
8.721827546294678055e-10
7.419164223544805206e-10
5.783659777537599446e-10
3.921909305032801806e-10
1.954702718293713805e-10
0.000000000000000000e+00
