2.093102047714554604e-14
2.458105906416421487e-05
4.621420366857817940e-05
3.619662053655092629e-05
2.985831538517519804e-05
2.419705427396202910e-05
1.918064596435558621e-05
1.425430477461600027e-05
9.424631881097142260e-06
4.698076105276636724e-06
8.237385661877196825e-08
-3.832176857342386118e-09
-1.182850218234853454e-08
-1.920471028431114413e-08
-2.565350215315428973e-08
-3.136751959674219789e-08
-3.633244962427934751e-08
-4.062619520648228886e-08
-4.418897387056995551e-08
-4.703518478396097784e-08
-4.920137610605050268e-08
-5.071356048142108724e-08
-5.159232100625927844e-08
-5.186594237962019954e-08
-5.154897115465555824e-08
-5.067240994944112323e-08
-4.925303666276995175e-08
-4.732935490063806939e-08
-4.494380188629591684e-08
-4.213366944737726171e-08
-3.893925081356021929e-08
-3.540029413063808379e-08
-3.156125158886106806e-08
-2.746414564258181240e-08
-2.315371681496393133e-08
-1.867610646896325083e-08
-1.407565453999237323e-08
-9.398243700581831341e-09
-4.690508986632730964e-09
0.000000000000000000e+00
