2.492391133560445940e-08
2.492407229582426679e-08
2.492418688416820684e-08
2.492474970135222305e-08
1.667372431072440520e-04
1.129823576929691535e-04
1.154194949020927234e-04
6.390111735462490248e-05
3.086668780842910715e-05
2.659464697346833586e-05
2.025050855245593583e-05
7.780597153626656824e-06
2.565405588124981383e-06
2.616558783462151927e-06
4.293404575586362393e-06
8.193930472115510747e-06
1.205914602791767600e-05
1.480917676982141140e-05
1.684921042554440119e-05
1.739964601204405066e-05
1.713970964728909948e-05
1.556647413588167219e-05
1.475125605312888988e-05
1.388494020166977719e-05
1.319139592121267933e-05
1.251370074869851917e-05
1.188969528017116385e-05
1.184183833409934870e-05
1.186329722091328285e-05
1.196158030013204997e-05
1.192442136308820770e-05
1.199632453535866634e-05
1.212314538542078798e-05
1.225509392031597607e-05
1.233426055297726242e-05
1.237913247510691160e-05
1.242878117222760560e-05
1.247839478888399405e-05
1.251164208786254856e-05
1.252634202487520676e-05
