9.104093187488615513e-04
1.142121502198278904e-03
1.661652000620961189e-03
-4.937878111377358437e-04
-1.397724961861968040e-03
-3.417221596464514732e-04
-2.555855026002973318e-04
-1.802970800781622529e-04
-8.489594329148530960e-04
-9.337280062027275562e-04
-9.700432419776916504e-04
-2.893687051255255938e-04
2.432037581456825137e-04
1.128984513343311846e-04
7.718196138739585876e-04
1.171853626146912575e-03
1.028423896059393883e-03
4.573901824187487364e-04
4.604570567607879639e-04
8.480505202896893024e-04
1.015995163470506668e-03
9.566314984112977982e-04
1.622084411792457104e-03
2.353740856051445007e-03
3.085294272750616074e-03
3.460811683908104897e-03
3.060943912714719772e-03
3.569570137187838554e-03
3.745077876374125481e-03
3.883701981976628304e-03
4.404752515256404877e-03
3.968511708080768585e-03
4.548041615635156631e-03
4.753916990011930466e-03
5.571994930505752563e-03
5.434418562799692154e-03
6.314248777925968170e-03
6.753157358616590500e-03
7.463200949132442474e-03
7.047360762953758240e-03
