2.814651431249278260e-08
2.814672940015183424e-08
2.814699085320407591e-08
2.814742232058278925e-08
2.424919081265549726e-04
1.878871158563475720e-04
1.460432710545828832e-04
6.293324942287981301e-05
7.436572490190445225e-06
2.693205439696816987e-06
-1.010392324302832486e-06
-1.155609465630581646e-05
-1.327003311400933224e-05
-7.176769491821785457e-06
-1.109659900836413860e-06
6.755722936890659958e-06
1.204908017163622734e-05
1.587206983910744825e-05
1.823930444716169070e-05
1.893443820053029346e-05
1.966070335067395547e-05
1.888690941159855912e-05
1.842920753041794605e-05
1.782821111899307893e-05
1.687711079559798158e-05
1.620450040363640413e-05
1.589274624506837360e-05
1.604541517713945978e-05
1.629386639993114644e-05
1.645677643659101575e-05
1.654396752457405271e-05
1.672214528886105422e-05
1.693927087638345561e-05
1.716303419262898145e-05
1.732970574483624508e-05
1.747400992256173711e-05
1.759623710561155144e-05
1.766035305355686253e-05
1.768556031112291914e-05
1.769678212701378015e-05
