9.542134111977452397e-05
-1.184725280227750535e-04
-9.029416202068002781e-06
-1.417654399056906460e-04
-1.708139176992705443e-04
3.259429678255384115e-05
4.063327234630406670e-05
2.140581617318327765e-04
1.834059068456594206e-04
1.727012636714035979e-05
1.575214835678419496e-05
5.007600077812544783e-05
1.041759535256985082e-05
-3.000793636146289033e-05
-3.199558397767265737e-05
-4.364297076069918187e-05
-3.064632433457293599e-05
-2.292951846357654163e-05
-1.475741146591252461e-05
-4.910673816670923936e-06
-5.024843191036978305e-06
4.153403215031496315e-06
2.370447829576878102e-06
3.356260409957180489e-06
5.610429573126800957e-06
3.966569291554421125e-06
1.779063005560239865e-06
-1.081008131124944414e-06
-1.658138320228563520e-06
-1.105529671850640882e-06
-6.153012296461733464e-07
-1.173491946724996331e-06
-1.408032964935003931e-06
-1.441261065287222283e-06
-1.074363850952127273e-06
-9.267546567527723801e-07
-7.816118760943638624e-07
-4.095216546167247896e-07
-1.588022291020178178e-07
-6.553038430396623862e-08
