-2.254006861238728765e-05
1.376141170396197636e-04
1.041621348576092341e-04
-3.123275605624611343e-04
-2.453163534493001357e-04
1.269478753407723657e-05
5.325443821382460437e-05
2.567054087304352017e-06
-1.092567748466376026e-04
-1.373502595444023864e-04
-6.968922325876491272e-05
-1.330247871227695476e-07
2.001596977931910870e-05
-4.828525796558882075e-06
2.197674267005484284e-05
3.273658032677763310e-05
3.506904420734989741e-05
4.271071061324147077e-05
4.695001459068159135e-05
5.300794486553203654e-05
5.355988372540859980e-05
5.097257910599599173e-05
5.897182402569290375e-05
5.719028791380489132e-05
5.499055946074652221e-05
4.914963754561909432e-05
4.160178345445034610e-05
3.654273430162765119e-05
3.260322883455995656e-05
2.786683700359996130e-05
2.511192089687859388e-05
2.113160299979107521e-05
1.807563897658781644e-05
1.560624932393753933e-05
1.377257472647149673e-05
1.122345471919590342e-05
9.265344472920938694e-06
7.061356463644748771e-06
4.596183537413363969e-06
2.002162051558562065e-06
