-9.472745625741812070e-05
-2.343229929413288739e-04
-1.970505318721907319e-04
4.142397395926666263e-04
7.157126287549439103e-04
6.538291972967720230e-05
2.394761587822945184e-04
-1.065623925610714728e-03
-7.907436382079600055e-04
5.117664535035594455e-04
6.870680657371878173e-04
3.028012479940010975e-04
4.189161137768258230e-04
1.087585288296427383e-03
0.000000000000000000e+00
-4.765017760509819914e-04
-3.259582481035009586e-04
-6.663087636718753072e-04
-6.277229009350076324e-04
-1.225172456109890591e-03
-1.116304467322610768e-03
-1.269551306026960339e-03
-5.767299235881913864e-04
2.848444115736314302e-04
3.566092821408506407e-04
-3.756695282122071797e-04
-1.642650067759013517e-03
-1.315145133988897437e-03
-9.923475737078849956e-05
6.518713078792179360e-04
9.769090252460539258e-04
-3.249596642654919266e-05
2.316415968413915627e-04
4.607347210946097747e-04
6.304216259839712970e-04
1.485965421983107210e-03
6.582392395117719853e-04
4.606322915216527010e-05
1.292627961767186260e-03
2.514964381652118938e-03
