2.093102047714554604e-14
-1.835556455816400171e-06
-2.097959463302521719e-06
-5.263765488937766761e-06
-1.336713920015784216e-08
-1.230398429334854192e-08
-1.023027407077509782e-08
-9.956048182139620862e-09
-9.980240826834585801e-09
-9.493961499366007236e-09
-9.172932708421106142e-09
-9.269660979855290792e-09
-9.327738385339325650e-09
-9.262534111135052451e-09
-9.114847784712000289e-09
-8.811147234363829769e-09
-8.403841597033690100e-09
-7.946396786479712616e-09
-7.448414421422998983e-09
-6.968045669536089080e-09
-6.512241264834824018e-09
-6.129086558731291011e-09
-5.747885704768770228e-09
-5.390401965209790667e-09
-5.046727247944345704e-09
-4.720144975840597205e-09
-4.409136056524225284e-09
-4.084276357093542721e-09
-3.756690868286499217e-09
-3.424109677326795760e-09
-3.095307703056760574e-09
-2.761894848519284829e-09
-2.423425011553863410e-09
-2.079979004850163367e-09
-1.736197789115800939e-09
-1.391493577090068709e-09
-1.045562296392846672e-09
-6.972080525589795018e-10
-3.485589241476098201e-10
0.000000000000000000e+00
