-9.472745296079665422e-05
-2.343229862162843347e-04
-1.970505254575982690e-04
4.142397374380379915e-04
7.157126092351973057e-04
6.538291927427053452e-05
2.394761540926992893e-04
-1.065623946487903595e-03
-7.907436229288578033e-04
5.117664695717394352e-04
6.870680372230708599e-04
3.028012579306960106e-04
4.189161118119955063e-04
1.087585231289267540e-03
0.000000000000000000e+00
-4.765017656609416008e-04
-3.259582445025444031e-04
-6.663087406195700169e-04
-6.277228822000324726e-04
-1.225172425620257854e-03
-1.116304425522685051e-03
-1.269551343284547329e-03
-5.767299444414675236e-04
2.848443982657045126e-04
3.566092927940189838e-04
-3.756695368792861700e-04
-1.642650109715759754e-03
-1.315145171247422695e-03
-9.923475590767338872e-05
6.518713198602199554e-04
9.769090684130787849e-04
-3.249596556997857988e-05
2.316415921086445451e-04
4.607347073033452034e-04
6.304216221906244755e-04
1.485965447500348091e-03
6.582392379641532898e-04
4.606322909239679575e-05
1.292628003284335136e-03
2.514964435249567032e-03
