8.083888785880460137e-08
8.083980629643487544e-08
8.084075563192796454e-08
8.084151947725660378e-08
2.010256923855517728e-04
1.622124576568971456e-04
1.193591866515135474e-04
1.050709253538470233e-04
1.256689153132103205e-04
1.509669689521262619e-04
1.588511000627207512e-04
1.523308992386685542e-04
1.433658423705249036e-04
1.405836341744477974e-04
1.336137762894192037e-04
1.255163383790440729e-04
1.176876568971737820e-04
1.090689237009288354e-04
1.001604899170086438e-04
9.057911736764652738e-05
8.118454497021889565e-05
7.243011142979145604e-05
6.252843010169875800e-05
5.305051180959821752e-05
4.402940547106428456e-05
3.602503321967243674e-05
2.928673665862344854e-05
2.339557516254137220e-05
1.815985640616083803e-05
1.369815524105227394e-05
9.687821900251371480e-06
6.319776315879629093e-06
3.443462187906003266e-06
9.633548697815795755e-07
-1.223058346353989339e-06
-3.003316806507544137e-06
-4.472060951040486738e-06
-5.590931674319206518e-06
-6.319049620252366670e-06
-6.636421669122616744e-06
