-1.205048064808154902e-07
-1.205056251032798093e-07
-1.205074019086638392e-07
-4.314936771539998350e-04
-6.307381372818495618e-04
-8.032228072732911037e-04
-8.999211972958993770e-04
-9.538386262171481616e-04
-1.000931047578883367e-03
-1.053653770704034327e-03
-1.079338004000477249e-03
-8.725360548698691014e-04
-7.476066155771042077e-04
-6.428535535677534643e-04
-5.452988264029214049e-04
-4.602639712217745883e-04
-3.850584116347064356e-04
-3.198463106789908752e-04
-2.610936764955052326e-04
-2.082510699939787210e-04
-1.611177672184998405e-04
-1.190953065341644089e-04
-8.143402809098393208e-05
-4.768769102832368014e-05
-1.711135631454383486e-05
1.048981113634732129e-05
3.568284243679572577e-05
5.841995187250322019e-05
7.869703919676276080e-05
9.673655791128637344e-05
1.126804326841446561e-04
1.266874871229301295e-04
1.388021232943965465e-04
1.491463748322861794e-04
1.577798342292753217e-04
1.647494377607563868e-04
1.701297517758346557e-04
1.739633746071747220e-04
1.762480765516651776e-04
1.769984745655391978e-04
