-3.119166649412363768e-04
7.665674638701602817e-05
7.543228566646575928e-04
4.273259837646037340e-04
-2.399112127022817731e-04
-1.392208359902724624e-04
-1.231451518833637238e-03
-1.708040072117000818e-04
-3.488785587251186371e-04
-3.991431149188429117e-04
1.398250315105542541e-04
8.252282277680933475e-04
4.601044638548046350e-04
8.225206984207034111e-04
-3.562071069609373808e-04
-3.460708248894661665e-04
-5.141858127899467945e-04
-2.927187888417392969e-04
5.615009649773128331e-05
-8.272917330032214522e-05
1.862453063949942589e-04
5.718219908885657787e-04
4.469569248612970114e-04
1.004062825813889503e-03
6.554638966917991638e-04
1.398162916302680969e-03
1.938020111992955208e-03
7.800192688591778278e-04
8.503416320309042931e-04
7.219443796202540398e-04
5.387758719734847546e-04
7.411285187117755413e-04
0.000000000000000000e+00
-1.632666972000151873e-04
3.836736723314970732e-04
8.592617814429104328e-04
1.265565981157124043e-03
1.717275590635836124e-04
-2.136567636625841260e-04
-4.306688497308641672e-04
