6.410451610158160495e-05
-6.966512560909301002e-05
-1.236262214639253761e-05
-1.131373338497599550e-04
-1.057405001218559979e-04
5.807104604547449453e-05
-5.052084955761881104e-05
1.236682836949011576e-04
1.007078773271186513e-04
8.963197837195453375e-06
2.193647166596252078e-05
5.504240883316518352e-05
2.476709306570784526e-05
-6.234998685279793419e-07
-9.362018496000012357e-06
-2.209093263339332802e-05
-2.262417675248636092e-05
-1.670420304557371661e-05
-1.277352731978786459e-05
-3.987354324362742755e-06
9.726505400983620892e-07
9.083387803765900791e-06
4.634577550624174072e-06
5.057783814789175550e-06
4.078246658419833396e-06
4.043863079859066692e-06
3.759964801261986978e-06
2.029728871874432172e-07
-2.110008746274836658e-07
-6.774558410165942031e-07
1.836676291680268570e-07
-4.906755290537776764e-07
-8.280620346985604441e-07
-8.539751520176763775e-07
-5.161404129712755022e-07
-2.950393394231250497e-07
-3.207478974239112487e-07
-3.165603747104575704e-07
-2.096603663898273696e-07
-8.906967105176300448e-08
