6.125627652404015168e-04
7.237710629322181453e-04
7.243470620678741376e-04
3.232518503868658907e-04
1.165941183012928633e-04
1.557564450131596273e-04
8.144966883109667246e-06
-1.177478579642805221e-04
-1.321145217748481433e-04
-9.294065483677603240e-05
-1.917131850788908649e-04
-1.920995876256803114e-04
-1.831632091244438847e-04
-1.668993370866659286e-04
-1.901039663526980360e-04
-1.823168618825516231e-04
-1.809394878477735952e-04
-1.717763003401037562e-04
-1.738744935555730617e-04
-1.730636602171943842e-04
-1.680443970661911848e-04
-1.624258004940162380e-04
-1.566218408941806659e-04
-1.500072947442737084e-04
-1.445859390560924878e-04
-1.379144575692641027e-04
-1.322588469647095007e-04
-1.247456345272288005e-04
-1.157635252011105572e-04
-1.067105470162075853e-04
-9.734400833194706574e-05
-8.790340100155612701e-05
-7.792866224892860483e-05
-6.794115749851269116e-05
-5.772352295670906097e-05
-4.730705349435971186e-05
-3.692472208071142755e-05
-2.649409274997032283e-05
-1.586128865038607358e-05
-5.190038560149954877e-06
