7.355241623981011116e+02
7.355294472853622665e+02
7.355347321875747184e+02
7.355400171046169362e+02
6.477014238148924505e+02
5.588240864279264315e+02
5.046575941638615745e+02
4.693528328981142295e+02
4.449886027433341837e+02
4.274792906853115255e+02
4.145047495137165470e+02
4.046776186755039362e+02
3.971139961727151331e+02
3.912176305992397261e+02
3.865752983886430911e+02
3.828912999209527470e+02
3.799489154980543049e+02
3.775861048782204534e+02
3.756798603129797129e+02
3.741355656141143982e+02
3.728796972447376561e+02
3.718545890859970768e+02
3.710147301162757003e+02
3.703239979786665117e+02
3.697535868987321237e+02
3.692804396209778588e+02
3.688860456895587276e+02
3.685555185030185612e+02
3.682768643095084258e+02
3.680404188566345738e+02
3.678383892151230157e+02
3.676645008375974157e+02
3.675137119456005621e+02
3.673819860454810851e+02
3.672661177481273853e+02
3.671635861416062312e+02
3.670724449715607420e+02
3.669912399867892532e+02
3.669189512718070318e+02
3.668550243291470565e+02
