7.355983714219389640e+02
7.356036575584063257e+02
7.356089437099232100e+02
6.385288496632267652e+02
5.595322979929904932e+02
5.135093037171675405e+02
4.843830909390906072e+02
4.648014221927935523e+02
4.510729105376013877e+02
4.411846404911682953e+02
4.339064878344844942e+02
4.284668654028452579e+02
4.243553207963931868e+02
4.212195281237742392e+02
4.188104868290300260e+02
4.169483191770334543e+02
4.155009183901369170e+02
4.143699839570725771e+02
4.134816124995421660e+02
4.127798315117515244e+02
4.122219722977030756e+02
4.117753559079839647e+02
4.114148635551845246e+02
4.111211285393613935e+02
4.108791891694560832e+02
4.106774609632001898e+02
4.105069660611832205e+02
4.103607349373363036e+02
4.102333514982847191e+02
4.101206042661048627e+02
4.100192120700172040e+02
4.099266160312375291e+02
4.098408154312051579e+02
4.097602394757450384e+02
4.096836479973982819e+02
4.096100531153840620e+02
4.095386564660045678e+02
4.094687985526593366e+02
4.093999173072832036e+02
4.093315125185040415e+02
