7.355241625016133185e+02
7.355294473888759512e+02
7.355347322910901084e+02
7.355400172081347137e+02
6.477022091257110787e+02
5.588246114066625978e+02
5.046579626728215544e+02
4.693529805875622287e+02
4.449886192892835766e+02
4.274792964417591747e+02
4.145047474196544499e+02
4.046775952930382232e+02
3.971139698241340170e+02
3.912176165608454426e+02
3.865752962438075429e+02
3.828913128544900246e+02
3.799489383882276456e+02
3.775861348435832383e+02
3.756798945736733231e+02
3.741356010343447451e+02
3.728797339001196178e+02
3.718546242019134525e+02
3.710147643038098408e+02
3.703240309897356610e+02
3.697536181005907565e+02
3.692804695410006275e+02
3.688860750026179858e+02
3.685555480711477117e+02
3.682768943127761077e+02
3.680404491404265741e+02
3.678384196426523545e+02
3.676645315782908483e+02
3.675137430726695129e+02
3.673820175724263208e+02
3.672661495711933526e+02
3.671636182207041657e+02
3.670724772670267839e+02
3.669912723927607203e+02
3.669189837176404012e+02
3.668550567899113730e+02
