7.355241603612357721e+02
7.355294452484632757e+02
7.355347301506421900e+02
7.355400150676489375e+02
6.476888395731632500e+02
5.588147837323310796e+02
5.046504479621746668e+02
4.693475078032645342e+02
4.449845256513438017e+02
4.274759824680559177e+02
4.145018751294405774e+02
4.046750662697711505e+02
3.971117480786786587e+02
3.912156754313011788e+02
3.865736056842962398e+02
3.828898471489458188e+02
3.799476262092673551e+02
3.775849311581245047e+02
3.756788198495729034e+02
3.741346761699579702e+02
3.728789551311020318e+02
3.718539914096521102e+02
3.710142729533671400e+02
3.703236747454835722e+02
3.697533929754386008e+02
3.692803637580107079e+02
3.688860760760629773e+02
3.685556444070773523e+02
3.682770741865671198e+02
3.680407026428656536e+02
3.678387386306508233e+02
3.676649086976665330e+02
3.675141717507386261e+02
3.673824919215093701e+02
3.672666620131085438e+02
3.671641617105257751e+02
3.670730449017075330e+02
3.669918577620807127e+02
3.669195803710149448e+02
3.668556584450908531e+02
