9.820663124570073705e+02
9.708527445170324199e+02
9.374260807749673177e+02
8.496015279704590739e+02
7.740070093391892669e+02
7.210461459712061014e+02
6.827543657820295948e+02
6.543347280144732849e+02
6.328971492451205449e+02
6.165661002335448302e+02
6.040417306711351557e+02
5.943954499770336497e+02
5.869421437521828011e+02
5.811705477450008175e+02
5.766938505885304949e+02
5.732171777062737874e+02
5.705143595021434066e+02
5.684114410019752768e+02
5.667742456404363338e+02
5.654987416026685878e+02
5.645044394337385256e+02
5.637288535441695103e+02
5.631234248634958703e+02
5.626504415492404405e+02
5.622805450457669849e+02
5.619909378780140514e+02
5.617638441898651536e+02
5.615854595766554667e+02
5.614450385805670294e+02
5.613342072204516171e+02
5.612464731687846324e+02
5.611767798740328317e+02
5.611212102383598221e+02
5.610767413190621937e+02
5.610410448661199325e+02
5.610123423222643169e+02
5.609892967211451378e+02
5.609709282399599033e+02
5.609565498729314186e+02
5.609457265550817056e+02
