6.312269230953389751e+02
7.410006426891019373e+02
8.248803294227504921e+02
8.727156162688511358e+02
8.475685428792128278e+02
7.972050329555202097e+02
7.540227805148497282e+02
7.185682224322852107e+02
6.895940797184206303e+02
6.659301746463169138e+02
6.466026573507815556e+02
6.308215602884913551e+02
6.179397193328768481e+02
6.074273505704134095e+02
5.988511489543166135e+02
5.918555907301915795e+02
5.861504902896890599e+02
5.814983158620110544e+02
5.777043440246754926e+02
5.746107334567780072e+02
5.720881599600172649e+02
5.700311576293488542e+02
5.683534963930051163e+02
5.669848745717212068e+02
5.658679568164982356e+02
5.649561263696948572e+02
5.642112552778420422e+02
5.636022124096562038e+02
5.631036657758364754e+02
5.626948280011223460e+02
5.623587851198815315e+02
5.620816619446765117e+02
5.618520847873930961e+02
5.616607030055089353e+02
5.614997563242069418e+02
5.613627761121630328e+02
5.612443291688127829e+02
5.611397375057352974e+02
5.610448623509064419e+02
5.609552415977070723e+02
