6.312208435520044532e+02
7.409885176382965710e+02
8.248699295841453250e+02
8.727092793298008928e+02
8.475676620566407564e+02
7.972043196725335292e+02
7.540229947972989066e+02
7.185710333475979041e+02
6.895970985540145648e+02
6.659323697088218523e+02
6.466038065686698246e+02
6.308225802552062760e+02
6.179410808653713048e+02
6.074289893809900605e+02
5.988528184367228278e+02
5.918572765130306834e+02
5.861516600409316879e+02
5.814991547379684107e+02
5.777054067083604423e+02
5.746120122136787813e+02
5.720894489740707058e+02
5.700324533253008212e+02
5.683547807681845825e+02
5.669861159968130551e+02
5.658691685414528365e+02
5.649572416203134253e+02
5.642122652857535741e+02
5.636031249060087021e+02
5.631044711660991879e+02
5.626955390972569830e+02
5.623594180941430523e+02
5.620822266893137567e+02
5.618525874654767449e+02
5.616611493396655987e+02
5.615001286998560772e+02
5.613630800986154554e+02
5.612445660089496187e+02
5.611399112171402521e+02
5.610449728091600718e+02
5.609552908035640257e+02
