6.312211447115579404e+02
7.409880787041219037e+02
8.248698923436741097e+02
8.727086607292878853e+02
8.475669381742582118e+02
7.972044495940833713e+02
7.540231479893762980e+02
7.185718024267471264e+02
6.895977309343406887e+02
6.659324272124977142e+02
6.466038574956612592e+02
6.308227382005268282e+02
6.179411130526702891e+02
6.074288982425240420e+02
5.988527226334792886e+02
5.918571473609533768e+02
5.861515702239485108e+02
5.814990880704827987e+02
5.777053640811752757e+02
5.746119981050176193e+02
5.720894346007714830e+02
5.700324651631736970e+02
5.683547875044612283e+02
5.669861255115781660e+02
5.658691844152980366e+02
5.649572528250234882e+02
5.642122703045994285e+02
5.636031218597108818e+02
5.631044664975736396e+02
5.626955359868738924e+02
5.623594163640408397e+02
5.620822233913189621e+02
5.618525835099418373e+02
5.616611452921638374e+02
5.615001256835788581e+02
5.613630774973861435e+02
5.612445638155725192e+02
5.611399100681454684e+02
5.610449723636841100e+02
5.609552906197659468e+02
