5.431500000000000909e+02
5.470268046674389097e+02
5.523779572513176390e+02
5.584049255406150678e+02
5.611863049733889284e+02
5.611807163328131765e+02
5.611745354665416698e+02
5.611678932785551979e+02
5.611608654784350847e+02
5.611535133982580419e+02
5.611458886631630776e+02
5.611380364216105363e+02
5.611299952771930748e+02
5.611217976197049211e+02
5.611134705667585649e+02
5.611050367049800798e+02
5.610965147272692093e+02
5.610879200516350238e+02
5.610792653645678456e+02
5.610705610821215714e+02
5.610618157443184373e+02
5.610530363411330654e+02
5.610442285905173776e+02
5.610353971662548247e+02
5.610265458866811059e+02
5.610176778702596039e+02
5.610087956633577733e+02
5.609999013459770367e+02
5.609909966178677223e+02
5.609820828700918582e+02
5.609731612430076666e+02
5.609642326745425862e+02
5.609552979397432182e+02
5.609463576835263439e+02
5.609374124484372715e+02
5.609284626975636456e+02
5.609195088343290081e+02
5.609105512199720351e+02
5.609015901896318610e+02
5.608926260732330320e+02
