5.431499999999999773e+02
5.470270490381151376e+02
5.523783907612189523e+02
5.584054689086603958e+02
5.611863058286642172e+02
5.611807170565153911e+02
5.611745360680488375e+02
5.611678937888552809e+02
5.611608659109576820e+02
5.611535137538239724e+02
5.611458889406468415e+02
5.611380366251287342e+02
5.611299954129824528e+02
5.611217976946288672e+02
5.611134705873342909e+02
5.611050366776064493e+02
5.610965146544651816e+02
5.610879199351695661e+02
5.610792652097861719e+02
5.610705608954403942e+02
5.610618155312834006e+02
5.610530361075461769e+02
5.610442283419316709e+02
5.610353969079689023e+02
5.610265456239683317e+02
5.610176776076523311e+02
5.610087954048678967e+02
5.609999010951803484e+02
5.609909963778557085e+02
5.609820826436161951e+02
5.609731610325484326e+02
5.609642324823037143e+02
5.609552977676826231e+02
5.609463575333768404e+02
5.609374123215510508e+02
5.609284625950134568e+02
5.609195087568973577e+02
5.609105511681854068e+02
5.609015901637437764e+02
5.608926260732330320e+02
