5.431499999999999773e+02
5.514561073277872083e+02
5.587246491483101636e+02
5.611491826196394186e+02
5.611437526539984901e+02
5.611379137804658512e+02
5.611317664179966869e+02
5.611253733399028079e+02
5.611187819093394182e+02
5.611120323272397172e+02
5.611051562912136887e+02
5.610981575141861413e+02
5.610910792878694338e+02
5.610839384982684805e+02
5.610767482416787288e+02
5.610695187665780850e+02
5.610622581363340942e+02
5.610549726693271850e+02
5.610476673085244101e+02
5.610403459178482990e+02
5.610330115144695355e+02
5.610256664527657904e+02
5.610183125689427470e+02
5.610109512941477306e+02
5.610035837434201085e+02
5.609962107847692323e+02
5.609888330936400962e+02
5.609814511950232827e+02
5.609740654964425630e+02
5.609666763137707903e+02
5.609592838910789396e+02
5.609518884162480390e+02
5.609444900329509665e+02
5.609370888498449403e+02
5.609296849476251055e+02
5.609222783843329125e+02
5.609148691992218119e+02
5.609074574154442416e+02
5.609000430417430607e+02
5.608926260732330320e+02
