5.431500000000000909e+02
5.470268132049453698e+02
5.523779661622805861e+02
5.584049455332410616e+02
5.611863050120539356e+02
5.611807163652033523e+02
5.611745354936072090e+02
5.611678933065286401e+02
5.611608655090736875e+02
5.611535134290140832e+02
5.611458886942125446e+02
5.611380364540905248e+02
5.611299953106918110e+02
5.611217976533106366e+02
5.611134706000445931e+02
5.611050367372531582e+02
5.610965147583042381e+02
5.610879200812348699e+02
5.610792653926444018e+02
5.610705611087253146e+02
5.610618157693845660e+02
5.610530363648163075e+02
5.610442286128254636e+02
5.610353971872392549e+02
5.610265459064357856e+02
5.610176778888131821e+02
5.610087956807080900e+02
5.609999013620765709e+02
5.609909966326893027e+02
5.609820828836274131e+02
5.609731612552536717e+02
5.609642326854784642e+02
5.609552979493485054e+02
5.609463576917803493e+02
5.609374124553314687e+02
5.609284627030872343e+02
5.609195088384735755e+02
5.609105512227345116e+02
5.609015901910132698e+02
5.608926260732330320e+02
