1.242333769798278809e+00
1.240042090415954590e+00
1.238166570663452148e+00
1.236912012100219727e+00
1.236066222190856934e+00
1.235639452934265137e+00
1.235391139984130859e+00
1.235314846038818359e+00
1.235276341438293457e+00
1.235248684883117676e+00
1.235249757766723633e+00
1.235246062278747559e+00
1.235240697860717773e+00
1.235242843627929688e+00
1.235237479209899902e+00
1.235238909721374512e+00
1.235235095024108887e+00
1.235237002372741699e+00
1.235239863395690918e+00
1.235239863395690918e+00
1.235237717628479004e+00
1.235236048698425293e+00
1.235235929489135742e+00
1.235231280326843262e+00
1.235233664512634277e+00
1.235232830047607422e+00
1.235229492187500000e+00
1.235227227210998535e+00
1.235230445861816406e+00
1.235226035118103027e+00
1.235229492187500000e+00
1.235222339630126953e+00
1.235228776931762695e+00
1.235222458839416504e+00
1.235229134559631348e+00
1.235218763351440430e+00
1.235221743583679199e+00
1.235225558280944824e+00
1.235223174095153809e+00
1.235222697257995605e+00
1.235223054885864258e+00
1.235221743583679199e+00
1.235220789909362793e+00
1.235221147537231445e+00
1.235220074653625488e+00
1.235218882560729980e+00
1.235220193862915039e+00
1.235220670700073242e+00
1.235219359397888184e+00
1.235219120979309082e+00
1.235219478607177734e+00
1.235218644142150879e+00
1.235216617584228516e+00
1.235215663909912109e+00
1.235216021537780762e+00
1.235214114189147949e+00
1.235214233398437500e+00
1.235210418701171875e+00
1.235210061073303223e+00
