1.247177004814147949e+00
1.245983481407165527e+00
1.245137333869934082e+00
1.244631290435791016e+00
1.244364500045776367e+00
1.244279265403747559e+00
1.244262099266052246e+00
1.244259834289550781e+00
1.244260668754577637e+00
1.244259357452392578e+00
1.244261980056762695e+00
1.244258522987365723e+00
1.244256615638732910e+00
1.244259953498840332e+00
1.244263410568237305e+00
1.244255304336547852e+00
1.244255781173706055e+00
1.244253396987915039e+00
1.244254589080810547e+00
1.244253158569335938e+00
1.244252920150756836e+00
1.244252920150756836e+00
1.244250297546386719e+00
1.244251251220703125e+00
1.244253754615783691e+00
1.244248986244201660e+00
1.244252920150756836e+00
1.244248151779174805e+00
1.244248390197753906e+00
1.244253396987915039e+00
1.244254350662231445e+00
1.244252920150756836e+00
1.244248509407043457e+00
1.244247555732727051e+00
1.244248867034912109e+00
1.244251966476440430e+00
1.244246125221252441e+00
1.244248390197753906e+00
1.244250774383544922e+00
1.244249105453491211e+00
1.244248390197753906e+00
1.244251608848571777e+00
1.244245529174804688e+00
1.244245767593383789e+00
1.244250059127807617e+00
1.244244337081909180e+00
1.244244575500488281e+00
1.244246006011962891e+00
1.244250535964965820e+00
1.244248509407043457e+00
1.244247674942016602e+00
1.244250893592834473e+00
1.244246125221252441e+00
1.244246006011962891e+00
1.244246482849121094e+00
1.244245052337646484e+00
1.244241237640380859e+00
1.244243621826171875e+00
1.244240522384643555e+00
1.244243502616882324e+00
1.244244337081909180e+00
1.244241714477539062e+00
1.244242191314697266e+00
1.244242191314697266e+00
1.244246721267700195e+00
1.244248390197753906e+00
1.244241833686828613e+00
1.244240522384643555e+00
1.244243502616882324e+00
1.244244575500488281e+00
1.244241833686828613e+00
1.244245290756225586e+00
1.244241476058959961e+00
1.244240880012512207e+00
1.244240283966064453e+00
1.244242310523986816e+00
1.244242429733276367e+00
1.244240283966064453e+00
1.244244337081909180e+00
1.244241833686828613e+00
1.244242906570434570e+00
1.244240522384643555e+00
1.244243144989013672e+00
1.244244933128356934e+00
1.244243979454040527e+00
1.244242072105407715e+00
1.244243383407592773e+00
1.244245767593383789e+00
1.244239807128906250e+00
1.244242310523986816e+00
1.244242429733276367e+00
1.244243502616882324e+00
1.244242668151855469e+00
1.244241118431091309e+00
1.244240045547485352e+00
1.244241118431091309e+00
1.244246363639831543e+00
1.244245171546936035e+00
1.244246840476989746e+00
1.244242906570434570e+00
1.244241476058959961e+00
1.244243383407592773e+00
1.244244337081909180e+00
1.244245171546936035e+00
1.244245648384094238e+00
1.244242787361145020e+00
1.244242191314697266e+00
1.244244933128356934e+00
1.244242191314697266e+00
1.244244813919067383e+00
1.244245886802673340e+00
1.244246482849121094e+00
1.244245767593383789e+00
1.244243502616882324e+00
1.244245648384094238e+00
1.244242191314697266e+00
1.244244933128356934e+00
1.244246840476989746e+00
1.244245052337646484e+00
1.244244456291198730e+00
1.244243383407592773e+00
1.244242906570434570e+00
1.244243502616882324e+00
1.244241833686828613e+00
1.244241595268249512e+00
1.244245648384094238e+00
1.244244694709777832e+00
1.244247794151306152e+00
1.244247078895568848e+00
1.244247198104858398e+00
1.244248986244201660e+00
1.244245767593383789e+00
1.244248032569885254e+00
1.244248986244201660e+00
1.244249105453491211e+00
1.244250178337097168e+00
1.244245052337646484e+00
1.244244694709777832e+00
1.244243383407592773e+00
1.244242072105407715e+00
1.244244456291198730e+00
1.244238495826721191e+00
1.244241714477539062e+00
1.244241237640380859e+00
1.244236946105957031e+00
1.244239568710327148e+00
1.244236946105957031e+00
1.244238257408142090e+00
1.244239211082458496e+00
1.244239807128906250e+00
1.244238972663879395e+00
1.244238495826721191e+00
1.244235038757324219e+00
1.244238734245300293e+00
1.244240045547485352e+00
1.244236588478088379e+00
1.244239687919616699e+00
1.244240522384643555e+00
1.244243025779724121e+00
1.244239568710327148e+00
1.244244933128356934e+00
1.244245767593383789e+00
1.244238734245300293e+00
1.244235873222351074e+00
1.244239807128906250e+00
1.244244098663330078e+00
1.244239091873168945e+00
1.244243264198303223e+00
1.244238734245300293e+00
1.244237542152404785e+00
1.244239449501037598e+00
1.244237184524536133e+00
1.244240283966064453e+00
1.244239687919616699e+00
1.244239091873168945e+00
1.244239449501037598e+00
1.244244217872619629e+00
1.244243144989013672e+00
1.244242191314697266e+00
1.244240880012512207e+00
1.244240283966064453e+00
1.244238853454589844e+00
1.244240164756774902e+00
1.244235873222351074e+00
1.244238734245300293e+00
1.244237661361694336e+00
1.244238495826721191e+00
1.244240045547485352e+00
1.244239807128906250e+00
1.244239449501037598e+00
1.244236946105957031e+00
1.244242191314697266e+00
1.244242906570434570e+00
1.244240641593933105e+00
1.244243025779724121e+00
1.244237661361694336e+00
1.244238257408142090e+00
1.244242310523986816e+00
1.244238734245300293e+00
1.244235992431640625e+00
1.244240283966064453e+00
1.244237780570983887e+00
1.244240403175354004e+00
1.244241118431091309e+00
1.244242072105407715e+00
1.244240522384643555e+00
1.244238495826721191e+00
1.244239687919616699e+00
1.244241833686828613e+00
1.244241714477539062e+00
1.244244575500488281e+00
1.244238257408142090e+00
1.244240880012512207e+00
1.244239687919616699e+00
1.244242310523986816e+00
1.244240641593933105e+00
1.244238495826721191e+00
1.244238972663879395e+00
1.244238734245300293e+00
1.244242906570434570e+00
1.244242787361145020e+00
1.244240045547485352e+00
1.244240999221801758e+00
1.244243502616882324e+00
1.244239807128906250e+00
1.244240164756774902e+00
1.244241595268249512e+00
1.244242906570434570e+00
1.244241356849670410e+00
1.244240641593933105e+00
1.244238018989562988e+00
1.244243025779724121e+00
1.244243264198303223e+00
1.244239091873168945e+00
1.244237303733825684e+00
1.244239330291748047e+00
1.244237422943115234e+00
1.244241833686828613e+00
1.244240522384643555e+00
1.244240880012512207e+00
1.244240045547485352e+00
1.244240760803222656e+00
1.244240880012512207e+00
1.244238853454589844e+00
1.244240164756774902e+00
1.244240164756774902e+00
