6.516928100585937500e+02
6.483001708984375000e+02
6.416933593750000000e+02
6.319724121093750000e+02
6.192062377929687500e+02
6.034924926757812500e+02
5.848992919921875000e+02
5.635211181640625000e+02
5.394406127929687500e+02
5.127296142578125000e+02
4.834815368652343750e+02
4.517880859375000000e+02
4.177602539062500000e+02
3.814815368652343750e+02
3.427349243164062500e+02
2.938088989257812500e+02
2.506647491455078125e+02
2.131997070312500000e+02
1.807984008789062500e+02
1.528148040771484375e+02
1.288962097167968750e+02
1.085229415893554688e+02
9.121490478515625000e+01
7.658298492431640625e+01
6.425047302246093750e+01
5.388206481933593750e+01
4.518447113037109375e+01
3.791060638427734375e+01
3.183017349243164062e+01
2.676533317565917969e+01
2.256070518493652344e+01
1.908458328247070312e+01
1.622838592529296875e+01
1.390137290954589844e+01
1.202946662902832031e+01
1.055288600921630859e+01
9.424060821533203125e+00
8.606382369995117188e+00
8.073614120483398438e+00
7.809172153472900391e+00
