5.903136444091796875e+01
1.372913513183593750e+02
2.120072174072265625e+02
2.824796447753906250e+02
3.475119934082031250e+02
4.060389709472656250e+02
4.571822509765625000e+02
5.002214355468750000e+02
5.345888061523437500e+02
5.598983154296875000e+02
5.758631591796875000e+02
5.823499755859375000e+02
5.793640747070312500e+02
5.670012817382812500e+02
5.454573974609375000e+02
5.150228271484375000e+02
4.757066040039062500e+02
4.174222106933593750e+02
3.583088378906250000e+02
3.062559509277343750e+02
2.602808837890625000e+02
2.202651062011718750e+02
1.857156066894531250e+02
1.561613464355468750e+02
1.309779052734375000e+02
1.096189727783203125e+02
9.156340026855468750e+01
7.632940673828125000e+01
6.349005126953125000e+01
5.267370605468750000e+01
4.355556488037109375e+01
3.585533142089843750e+01
2.933109664916992188e+01
2.377454185485839844e+01
1.900679779052734375e+01
1.487295150756835938e+01
1.123582839965820312e+01
7.975248813629150391e+00
4.980385303497314453e+00
2.124214649200439453e+00
