1.005592661229192093e+07
2.338742745378325507e+07
3.611519130066943914e+07
4.812009012887805700e+07
5.919827765630794317e+07
6.916828252653440833e+07
7.788048282136656344e+07
8.521215955950327218e+07
9.106660253128863871e+07
9.537804900210195780e+07
9.809764219882343709e+07
9.920266408585664630e+07
9.869401922571797669e+07
9.658803133277107775e+07
9.291805485012501478e+07
8.773355998984697461e+07
8.103608554794076085e+07
7.110740462850472331e+07
6.103750798391165584e+07
5.217035716986186802e+07
4.433855613459352404e+07
3.752191337919264287e+07
3.163644495284456760e+07
2.660190992204230279e+07
2.231193901302499697e+07
1.867346885869255289e+07
1.559772236662501656e+07
1.300262868374246918e+07
1.081545890432634018e+07
8.972906648863090202e+06
7.419641543815233745e+06
6.107915425008118153e+06
4.996519361453996971e+06
4.049966494889332913e+06
3.237786649968252517e+06
2.533590579936095048e+06
1.914010744717779569e+06
1.358574675414974103e+06
8.484030411160747753e+05
3.618575789908157312e+05
