1.110151380333842188e+08
1.104372057639943659e+08
1.093117428435594440e+08
1.076557903980943263e+08
1.054810869457627535e+08
1.028042681190378964e+08
9.963693727157019079e+07
9.599518937777711451e+07
9.189310234163923562e+07
8.734291375029467046e+07
8.236053662593106925e+07
7.696159286716765165e+07
7.116498991003778577e+07
6.498495122030553967e+07
5.838450930343450606e+07
5.005001584527168423e+07
4.270045840154383332e+07
3.631833056839045882e+07
3.079880446737213433e+07
2.603183019104338810e+07
2.195732451368253678e+07
1.848676117701531202e+07
1.553835655255372450e+07
1.304582544284499250e+07
1.094499589562364668e+07
9.178749206860983744e+06
7.697123893468491733e+06
6.458029205971196294e+06
5.422234294055149890e+06
4.559444436310661025e+06
3.843190781882395037e+06
3.251037321130806115e+06
2.764487310199790634e+06
2.368083257306514308e+06
2.049206125458856579e+06
1.797672275774207897e+06
1.605378173258424737e+06
1.466087567679611733e+06
1.375331094926698366e+06
1.330283702940209536e+06
