5.622389466398773107e-03
2.789733558206558203e-03
3.102131228916428507e-03
2.744154383959377698e-03
3.741158548978742743e-03
4.006147670351035799e-03
3.604708229588085393e-03
3.965686198544529292e-03
2.043723348825712133e-03
3.161423137528798256e-03
8.903154663278265357e-04
-5.240391427822636752e-04
7.374402858112045242e-05
-4.413447451568678313e-04
-4.475886052001346878e-05
-1.516900044109841493e-03
-1.154724484672632308e-03
-1.995852720397435498e-03
-4.045466271493975037e-03
-2.720297243789486855e-03
-1.793871922466350535e-03
-3.117262262337485920e-03
-5.389544972869895340e-03
-5.813507562683631336e-03
-5.614934327398127950e-03
-6.228741808777121976e-03
-5.065819830455778848e-03
-3.878047015526141922e-03
-5.515350638726029125e-03
-5.663023454920476825e-03
-5.613711327901615110e-03
-5.627785900301301124e-03
-5.917216707713889544e-03
-6.193103369719087960e-03
-7.325076667462172147e-03
-6.674591113974412057e-03
-6.603070105083169543e-03
-5.255232094714012980e-03
-6.806865762858220655e-03
-6.778743387083185218e-03
