-6.857106845584757156e-09
-6.857119343683668482e-09
-6.857039145138024130e-09
-6.857051643221667357e-09
-6.857264980067660284e-09
-6.857092087413920266e-09
-6.857042788600668020e-09
-6.857225222762110039e-09
-6.857036884914227379e-09
-6.856925792641977943e-09
-6.857494435601015859e-09
-6.857599618686320906e-09
-6.857426731172911171e-09
-6.857501016574171463e-09
-6.857714333200247996e-09
2.297773142700996620e-05
2.559350855752345563e-05
9.753533283157751852e-06
-6.809769848655154893e-06
-1.182032284765566164e-05
-2.183271599349724908e-05
-2.561209097992022375e-05
-2.622372937609467711e-05
-2.883216001626579266e-05
-2.851401586667321145e-05
-2.924919941377865932e-05
-2.880418353111404022e-05
-2.865767440172599603e-05
-2.702926035161908324e-05
-2.361442634228354392e-05
-2.235532158857121110e-05
-2.110531984960388672e-05
-1.985753251601159232e-05
-1.849789172035748262e-05
-1.696740188637431299e-05
-1.563201212908655561e-05
-1.521426115400947287e-05
-1.473823098084217174e-05
-1.402482539685468522e-05
-1.294082287536842875e-05
