-8.335343805745097645e-04
-7.814093857475047384e-04
-6.658059381212658905e-04
4.635805337901822520e-04
9.462809139385896032e-04
1.982315921473247651e-03
1.513120581620171256e-03
-2.599441076846572152e-04
-5.204655541676310665e-04
-2.142709193805431792e-04
-8.205592767880193726e-04
-2.093997098016123486e-04
-4.236908646210569922e-04
-1.031957400796467209e-03
-9.438293328693969555e-04
-6.439824205343034269e-04
2.800179381972040882e-04
8.302235734935909913e-04
1.080289477057780985e-03
3.694519549667199835e-04
4.498476673829608706e-04
2.179370946396993677e-04
4.182100360437631032e-05
1.992451993398447821e-05
1.068702235647773661e-04
5.946996964872336292e-04
4.221249891052862135e-05
-2.314334758095873325e-04
-5.273166187551856562e-04
-1.011908812769664020e-03
-2.789909657624690844e-04
2.998256514197733240e-05
7.051902708292988634e-05
-5.488227956845569366e-05
-2.378339982173630551e-04
-2.711121100153140811e-04
-1.416737621537854060e-04
-6.648603151439500263e-05
-4.724891983067001851e-05
-1.038038746668077273e-04
