-1.516324367396188306e-07
-1.516340348132055060e-07
-1.516346595389121939e-07
-1.516355314430135721e-07
-1.516369286079797885e-07
-1.516378468236913876e-07
-1.516388886154001042e-07
-1.516405174501224363e-07
-1.516412347739448329e-07
-1.516422765079290748e-07
-1.516430555961133508e-07
-1.516442054345178769e-07
-1.516454479433128655e-07
-1.516465513956354515e-07
-1.516472222784375366e-07
-1.516482021098984492e-07
-1.516497534991768334e-07
-2.644637135621208304e-03
-1.666992237381921147e-03
-1.376272501440648334e-03
-1.139567315940330722e-03
-8.985420955941967333e-04
-7.770462414514517011e-04
-6.256264589978858181e-04
-5.043853114428333180e-04
-3.958185851835510139e-04
-3.100216656724779198e-04
-2.457213747345025575e-04
-1.879837607201549654e-04
-1.389873865518633292e-04
-9.689770142448848292e-05
-6.266490284603912263e-05
-3.478013880781179802e-05
-1.220170236053714561e-05
7.201221236417517928e-06
2.243815667819189227e-05
3.378021842046663475e-05
4.136147735246910919e-05
4.650815884366115452e-05
4.872079209910005039e-05
