0.000000000000000000e+00
-1.470624335497093539e-07
-1.066066617668637829e-06
6.080642707710118838e-07
2.599932310536558079e-06
5.312741664087528487e-06
6.185209849982427912e-06
5.419484963423569133e-06
5.859140596854948291e-06
5.574250163517913099e-06
4.904899773222796093e-06
4.090902367241815930e-06
3.324206722228521343e-06
2.119231789984257350e-06
5.518226376671697469e-07
5.254693632492151273e-09
5.506953362314355369e-09
5.410154780136776144e-09
5.137790077762797226e-09
4.949507379639331174e-09
4.586648118970841710e-09
4.259717200380664161e-09
3.909860890783602685e-09
3.628339881060126034e-09
3.284960859754798750e-09
2.949968073075246776e-09
2.633900564946003002e-09
2.310877325894377624e-09
2.027513270983898716e-09
1.806427757886841068e-09
1.571618121791556468e-09
1.348702631172100904e-09
1.139809639199685247e-09
9.477161447964833797e-10
7.750168091089132064e-10
6.148004985230440363e-10
4.465354606903025191e-10
2.845311907981657798e-10
1.335307038728576054e-10
0.000000000000000000e+00
