-2.093102047714554288e-14
5.585362971407170814e-06
1.316682664722693672e-05
2.391979079651539091e-05
3.672663095957558958e-05
5.070751669285859098e-05
6.462026355685196249e-05
7.977327855918270219e-05
9.151768163776344332e-05
1.026486897156331143e-04
1.079673186579992980e-04
1.070615774006673825e-04
1.068390199191050462e-04
1.051800253766592761e-04
1.030287976342130363e-04
9.907931436973458099e-05
9.252406042998429652e-05
5.513338461956055991e-08
5.205164874033137520e-08
4.118886276698886458e-08
3.170551034913781781e-08
2.279112010497733994e-08
1.663928130071855159e-08
1.144761461833673359e-08
7.292989013917510005e-09
4.161703864689655030e-09
1.709462974430252186e-09
-2.930632704672367506e-10
-1.709405919611822146e-09
-2.669082064722238175e-09
-3.225527750082151270e-09
-3.484896849356622704e-09
-3.500041659045948281e-09
-3.318992163044554503e-09
-2.948837978624272931e-09
-2.454190428899701961e-09
-1.878401066246086107e-09
-1.265329410701389056e-09
-6.245617690611632270e-10
0.000000000000000000e+00
