1.455944434856815302e-04
2.749800109050588924e-04
3.740553939318327741e-04
5.301668044317283616e-04
6.348766880407439922e-04
7.005952555134785766e-04
7.108312507527195711e-04
7.839218560823305992e-04
6.440235571288584248e-04
6.316327818602865017e-04
3.770850582377886003e-04
9.433899820662220890e-05
1.258496168098975989e-04
5.743778701678750045e-05
3.069759212333232759e-05
-6.135024389338571246e-05
-1.984378545804487619e-04
-4.845118253093921401e-04
-5.022501908004282836e-04
-4.417589637855619863e-04
-4.024567852163429935e-04
-4.241261346314577677e-04
-4.176457866775646331e-04
-3.592326743628516581e-04
-3.072736242585107124e-04
-2.835172627589918138e-04
-2.286071691309935817e-04
-1.739538857311339378e-04
-1.589752548333666499e-04
-1.367414465621569198e-04
-1.188166118317007905e-04
-9.750886241424052791e-05
-8.002578378328243779e-05
-6.520055050216334424e-05
-5.631951858902929089e-05
-4.440807829009315065e-05
-3.316390459657202037e-05
-2.222491604878884538e-05
-1.510750079455374261e-05
-6.495594496718397074e-06
