-3.521706845115607802e-05
-6.550284688976779052e-06
-4.140616822796805798e-05
7.434353123851674837e-05
9.156141658841559182e-05
1.280366532173527860e-04
4.718379619547200519e-05
-2.813790099448068569e-05
2.761600952499739631e-05
-6.328623354991824413e-06
-2.548112603566524058e-05
-3.379999629649812066e-05
-3.296269408460566802e-05
-5.633522599730274224e-05
-7.690114110402817540e-05
-6.469525109744770134e-05
-1.506679198171798909e-05
3.071478074931018493e-05
3.863708436653256860e-05
1.320201950541767015e-05
2.577084198002036866e-05
9.039364718814602102e-06
7.196397618548799291e-06
2.792278347287891940e-06
-2.182577443882715311e-07
2.444980984141362959e-06
-7.841423005272523450e-07
2.435908804638067492e-07
-4.206038563905014328e-06
-9.135306569216074740e-06
-3.316448959071140984e-06
-3.326065990609586626e-06
-3.347744168176136548e-06
-3.677897236646021551e-06
-4.167542331346519319e-06
-3.645284939739856344e-06
-1.121931389797420161e-06
-1.288379217352140731e-06
-1.949714775147705251e-06
-2.980481811597566785e-06
