-8.335344027727842331e-04
-7.814093842171132565e-04
-6.658059428445994854e-04
4.635805380530655384e-04
9.462808957323431969e-04
1.982315909117460251e-03
1.513120601885020733e-03
-2.599441213533282280e-04
-5.204655462875962257e-04
-2.142709126928821206e-04
-8.205592748709022999e-04
-2.093997027259320021e-04
-4.236908571328967810e-04
-1.031957450322806835e-03
-9.438293054699897766e-04
-6.439824355766177177e-04
2.800179354380816221e-04
8.302235510200262070e-04
1.080289483070373535e-03
3.694519691634923220e-04
4.498476628214120865e-04
2.179370931116864085e-04
4.182100383331999183e-05
1.992452052945736796e-05
1.068702258635312319e-04
5.946996971033513546e-04
4.221249764668755233e-05
-2.314334706170484424e-04
-5.273166461847722530e-04
-1.011908869259059429e-03
-2.789909776765853167e-04
2.998256604769267142e-05
7.051902503008022904e-05
-5.488227907335385680e-05
-2.378339995630085468e-04
-2.711121051106601954e-04
-1.416737650288268924e-04
-6.648603448411449790e-05
-4.724891914520412683e-05
-1.038038753904402256e-04
