5.622389260679483414e-03
2.789733465760946274e-03
3.102131187915802002e-03
2.744154306128621101e-03
3.741158638149499893e-03
4.006147850304841995e-03
3.604708239436149597e-03
3.965686075389385223e-03
2.043723361566662788e-03
3.161423141136765480e-03
8.903154521249234676e-04
-5.240391474217176437e-04
7.374402775894850492e-05
-4.413447459228336811e-04
-4.475886089494451880e-05
-1.516900025308132172e-03
-1.154724508523941040e-03
-1.995852682739496231e-03
-4.045466426759958267e-03
-2.720297314226627350e-03
-1.793871866539120674e-03
-3.117262152954936028e-03
-5.389545112848281860e-03
-5.813507363200187683e-03
-5.614934489130973816e-03
-6.228741724044084549e-03
-5.065819714218378067e-03
-3.878046991303563118e-03
-5.515350494533777237e-03
-5.663023330271244049e-03
-5.613711196929216385e-03
-5.627785809338092804e-03
-5.917216651141643524e-03
-6.193103268742561340e-03
-7.325076498091220856e-03
-6.674590986222028732e-03
-6.603070069104433060e-03
-5.255232099443674088e-03
-6.806865800172090530e-03
-6.778743583709001541e-03
