7.358482181464660243e+02
7.358535085904861717e+02
7.358587990517611388e+02
7.358640895303508387e+02
7.358693800263187086e+02
7.358746705397302321e+02
7.358799610706468002e+02
7.358852516191288942e+02
7.358905421852441577e+02
7.358958327690497754e+02
7.359011233706115718e+02
7.359064139899871861e+02
7.359117046272389189e+02
7.359169952824285019e+02
7.359222859556153935e+02
7.359275766468601887e+02
7.359328673562224594e+02
7.101927875393749900e+02
6.829280951710027239e+02
6.642638969967422327e+02
6.493434776888045690e+02
6.374927825061845397e+02
6.277736757460670560e+02
6.199814301047651952e+02
6.135150623613537846e+02
6.081996756950430836e+02
6.038221272370361703e+02
6.002117701206225320e+02
5.972313698329323870e+02
5.947701943926319927e+02
5.927387217167204199e+02
5.910645298384381476e+02
5.896890926581083932e+02
5.885652769931338071e+02
5.876553293578099328e+02
5.869293494660366832e+02
5.863641587140251659e+02
5.859423332630907453e+02
5.856516344506579799e+02
5.854856252260532301e+02
