7.358558956390291996e+02
7.358611861894048616e+02
7.358664767570415961e+02
7.358717673420042047e+02
7.358770579443551014e+02
7.358823485641595425e+02
7.358876392014789189e+02
7.358929298563762131e+02
7.358982205289134981e+02
7.359035112191544385e+02
7.359088019271580379e+02
7.359140926529875060e+02
7.359193833967034379e+02
7.359246741583668836e+02
7.359299649380383244e+02
7.083289571655399186e+02
6.890449067936318670e+02
6.749397757111381679e+02
6.641626174193999077e+02
6.551602569366727948e+02
6.480131073029756408e+02
6.421942806844543838e+02
6.372281100965838050e+02
6.331263214133468864e+02
6.297249234440002965e+02
6.268951134687591775e+02
6.245335200205589672e+02
6.226756103453216156e+02
6.210203768253676344e+02
6.196236182518367741e+02
6.184396357683033330e+02
6.174301338469027769e+02
6.165631866900079103e+02
6.158118179506275283e+02
6.151530709709096527e+02
6.145671888997580936e+02
6.140369340303942636e+02
6.135469853690584614e+02
6.130834107663350778e+02
6.126331711611624087e+02
