5.503306748756436946e+02
5.601883681560574360e+02
5.698007779014563994e+02
5.790726358740313344e+02
5.878450054424913560e+02
5.959714581390990134e+02
6.033256040466756076e+02
6.097975513279291135e+02
6.152957730986612432e+02
6.197473959814950604e+02
6.230939718134185341e+02
6.252931695176577023e+02
6.263198029694010529e+02
6.261632174454443884e+02
6.248240073925049956e+02
6.223168564699499257e+02
6.186219684432657004e+02
6.120524690918717852e+02
6.048170151555440270e+02
5.984445361385652404e+02
5.928156456151265274e+02
5.879160296501451057e+02
5.836850651366090688e+02
5.800649999800767773e+02
5.769796908303972032e+02
5.743623653141858085e+02
5.721490707981120067e+02
5.702809845670367395e+02
5.687060080216452889e+02
5.673785020064028686e+02
5.662587749172284930e+02
5.653125144159267847e+02
5.645101453596619194e+02
5.638261763108398554e+02
5.632387348076990747e+02
5.627288365490661590e+02
5.622797149477401035e+02
5.618766627904429924e+02
5.615061344597098696e+02
5.611525694505899082e+02
