6.224282291090102035e+02
6.236407421962130684e+02
6.244368176429205732e+02
6.248191427458529006e+02
6.247898226620765172e+02
6.243526534396899024e+02
6.235099037968892617e+02
6.222658831161127182e+02
6.206236923765418396e+02
6.185877049811855386e+02
6.161635507866103580e+02
6.133574302505732021e+02
6.101785547132998317e+02
6.066331203492214854e+02
6.026897978374674949e+02
5.969290120576145000e+02
5.916466571444235569e+02
5.870590808863063330e+02
5.830912068486236421e+02
5.796639796057704643e+02
5.767338575971217551e+02
5.742376394431031486e+02
5.721163307011750021e+02
5.703224642545089864e+02
5.688098902572417046e+02
5.675375858153954596e+02
5.664697341673801247e+02
5.655760421004365526e+02
5.648283917636821343e+02
5.642049977262635139e+02
5.636867928174998497e+02
5.632577458093355744e+02
5.629045450391072336e+02
5.626160897606248454e+02
5.623833157304670749e+02
5.621989026354507359e+02
5.620570253689988931e+02
5.619532288502870188e+02
5.618842918472332713e+02
5.618481845850961918e+02
