5.431500000000000909e+02
5.434858744938735526e+02
5.440038892676041087e+02
5.446927906025963466e+02
5.455382007068211578e+02
5.465230246874291424e+02
5.476280070317650370e+02
5.488322102768802324e+02
5.501135167533792583e+02
5.514491154610522017e+02
5.528158824849269877e+02
5.541907670607972705e+02
5.555511652332231733e+02
5.568752090272793112e+02
5.581419599032631140e+02
5.593316226246158749e+02
5.604248317154299457e+02
5.609778311682418916e+02
5.609744635915837989e+02
5.609710204612184725e+02
5.609674744765291052e+02
5.609638464044735429e+02
5.609601416145571875e+02
5.609563749176800229e+02
5.609525597466921454e+02
5.609486991735270749e+02
5.609448022460433094e+02
5.609408749282149529e+02
5.609369222290829384e+02
5.609329483629433071e+02
5.609289568855645030e+02
5.609249508098375827e+02
5.609209327044425208e+02
5.609169047786140254e+02
5.609128689541767017e+02
5.609088269293197300e+02
5.609047802365985262e+02
5.609007302933113124e+02
5.608966784516511552e+02
5.608926260732330320e+02
