5.431499999999999773e+02
5.447333042278382891e+02
5.462924911079901449e+02
5.478201100644295138e+02
5.493090669787430897e+02
5.507526443730557730e+02
5.521444566439876098e+02
5.534784726634532035e+02
5.547489731616632298e+02
5.559505539944015027e+02
5.570781260501660199e+02
5.581268995530444954e+02
5.590924115208511012e+02
5.599704384505907910e+02
5.607562769456413889e+02
5.609793553687076155e+02
5.609761117619212882e+02
5.609728070856850763e+02
5.609694424208805685e+02
5.609660139123704994e+02
5.609625389220375382e+02
5.609590229249087088e+02
5.609554670315131943e+02
5.609518826166375902e+02
5.609482693667198419e+02
5.609446358301839837e+02
5.609409838827876911e+02
5.609373155293613991e+02
5.609336340619395287e+02
5.609299411542236840e+02
5.609262412558476854e+02
5.609225306235847484e+02
5.609188124998595413e+02
5.609150877314258423e+02
5.609113569808544071e+02
5.609076207479105278e+02
5.609038793859971292e+02
5.609001331135567625e+02
5.608963820210544782e+02
5.608926260732330320e+02
