1.231256723403930664e+00
1.202820539474487305e+00
1.178782343864440918e+00
1.189003705978393555e+00
1.192216634750366211e+00
1.182056784629821777e+00
1.192313551902770996e+00
1.184237241744995117e+00
1.189524412155151367e+00
1.186457753181457520e+00
1.187816619873046875e+00
1.187452793121337891e+00
1.187284946441650391e+00
1.187372922897338867e+00
1.187412738800048828e+00
1.187424540519714355e+00
1.187432408332824707e+00
1.187437534332275391e+00
1.187435388565063477e+00
1.187439680099487305e+00
1.187424659729003906e+00
1.187434554100036621e+00
1.187446475028991699e+00
1.187434911727905273e+00
1.187442898750305176e+00
1.187435626983642578e+00
1.187443494796752930e+00
1.187449455261230469e+00
1.187434673309326172e+00
1.187444448471069336e+00
1.187451720237731934e+00
1.187438488006591797e+00
1.187444210052490234e+00
1.187443137168884277e+00
1.187446236610412598e+00
1.187437891960144043e+00
1.187439560890197754e+00
1.187460303306579590e+00
1.187452197074890137e+00
1.187441587448120117e+00
1.187456369400024414e+00
1.187449216842651367e+00
1.187457442283630371e+00
1.187449336051940918e+00
1.187448382377624512e+00
