1.241005420684814453e+00
1.231595039367675781e+00
1.230201721191406250e+00
1.230602622032165527e+00
1.230591773986816406e+00
1.230556488037109375e+00
1.230553746223449707e+00
1.230555534362792969e+00
1.230566263198852539e+00
1.230559349060058594e+00
1.230554580688476562e+00
1.230562210083007812e+00
1.230560302734375000e+00
1.230569362640380859e+00
1.230546712875366211e+00
1.230561494827270508e+00
1.230571389198303223e+00
1.230563879013061523e+00
1.230566740036010742e+00
1.230561375617980957e+00
1.230558872222900391e+00
1.230570793151855469e+00
1.230566740036010742e+00
1.230568170547485352e+00
1.230570197105407715e+00
1.230563163757324219e+00
1.230567216873168945e+00
1.230573415756225586e+00
1.230571866035461426e+00
1.230570077896118164e+00
1.230564713478088379e+00
1.230557560920715332e+00
1.230562090873718262e+00
1.230564832687377930e+00
1.230573654174804688e+00
1.230575323104858398e+00
1.230570793151855469e+00
1.230570912361145020e+00
1.230584621429443359e+00
1.230575561523437500e+00
1.230574369430541992e+00
1.230565428733825684e+00
1.230569243431091309e+00
1.230584979057312012e+00
1.230576634407043457e+00
1.230583786964416504e+00
1.230577468872070312e+00
1.230574011802673340e+00
1.230576157569885254e+00
1.230576157569885254e+00
1.230571389198303223e+00
1.230573415756225586e+00
1.230575323104858398e+00
1.230573654174804688e+00
1.230580568313598633e+00
1.230568289756774902e+00
1.230568647384643555e+00
1.230575442314147949e+00
1.230581521987915039e+00
1.230577230453491211e+00
1.230562686920166016e+00
1.230582118034362793e+00
1.230571866035461426e+00
1.230569124221801758e+00
1.230582594871520996e+00
1.230564951896667480e+00
1.230565905570983887e+00
1.230577349662780762e+00
1.230574846267700195e+00
1.230580687522888184e+00
1.230585575103759766e+00
1.230577945709228516e+00
1.230577945709228516e+00
