1.231256723403930664e+00
1.219443917274475098e+00
1.196734189987182617e+00
1.182224392890930176e+00
1.175979971885681152e+00
1.198186874389648438e+00
1.194668054580688477e+00
1.179497241973876953e+00
1.186389565467834473e+00
1.192878246307373047e+00
1.186153650283813477e+00
1.185438036918640137e+00
1.188752174377441406e+00
1.187942385673522949e+00
1.186762332916259766e+00
1.187451839447021484e+00
1.187738537788391113e+00
1.187408447265625000e+00
1.187353014945983887e+00
1.187433958053588867e+00
1.187461495399475098e+00
1.187449574470520020e+00
1.187451839447021484e+00
1.187454462051391602e+00
1.187447071075439453e+00
1.187456369400024414e+00
1.187456488609313965e+00
