1.250588893890380859e+00
1.250677704811096191e+00
1.250683069229125977e+00
1.250684976577758789e+00
1.250684142112731934e+00
1.250682950019836426e+00
1.250686407089233398e+00
1.250684738159179688e+00
1.250684618949890137e+00
1.250683426856994629e+00
1.250684499740600586e+00
1.250685811042785645e+00
1.250683426856994629e+00
1.250684499740600586e+00
1.250683426856994629e+00
1.250689029693603516e+00
1.250682353973388672e+00
1.250682950019836426e+00
1.250683426856994629e+00
1.250687479972839355e+00
1.250685691833496094e+00
1.250688076019287109e+00
1.250683069229125977e+00
1.250685811042785645e+00
1.250682950019836426e+00
1.250684857368469238e+00
1.250683903694152832e+00
1.250681638717651367e+00
1.250683784484863281e+00
1.250680804252624512e+00
1.250679731369018555e+00
1.250678300857543945e+00
1.250682830810546875e+00
1.250680685043334961e+00
1.250678896903991699e+00
1.250682711601257324e+00
1.250685572624206543e+00
1.250682234764099121e+00
1.250683784484863281e+00
1.250682473182678223e+00
1.250683426856994629e+00
1.250680804252624512e+00
1.250682592391967773e+00
1.250680923461914062e+00
1.250681996345520020e+00
1.250683903694152832e+00
1.250683546066284180e+00
1.250681757926940918e+00
1.250680446624755859e+00
1.250686287879943848e+00
1.250688195228576660e+00
1.250682592391967773e+00
1.250685572624206543e+00
1.250686049461364746e+00
1.250686883926391602e+00
1.250686287879943848e+00
1.250683546066284180e+00
1.250684857368469238e+00
1.250686645507812500e+00
1.250684261322021484e+00
1.250684738159179688e+00
1.250686049461364746e+00
1.250684857368469238e+00
1.250687003135681152e+00
1.250684618949890137e+00
1.250681996345520020e+00
1.250683188438415527e+00
1.250685095787048340e+00
1.250685572624206543e+00
1.250685930252075195e+00
1.250688433647155762e+00
1.250684738159179688e+00
1.250685691833496094e+00
1.250686168670654297e+00
1.250685334205627441e+00
1.250685572624206543e+00
1.250685095787048340e+00
1.250683665275573730e+00
1.250685095787048340e+00
1.250683069229125977e+00
1.250687003135681152e+00
1.250681519508361816e+00
1.250683784484863281e+00
1.250682711601257324e+00
1.250681757926940918e+00
1.250682711601257324e+00
1.250680446624755859e+00
1.250687241554260254e+00
1.250684499740600586e+00
1.250684261322021484e+00
1.250683426856994629e+00
1.250681161880493164e+00
1.250683546066284180e+00
1.250678658485412598e+00
1.250683069229125977e+00
1.250682353973388672e+00
1.250681877136230469e+00
1.250684022903442383e+00
1.250686049461364746e+00
1.250684618949890137e+00
1.250684022903442383e+00
1.250686645507812500e+00
1.250684976577758789e+00
1.250683307647705078e+00
1.250682950019836426e+00
1.250685811042785645e+00
1.250681042671203613e+00
1.250683307647705078e+00
1.250681757926940918e+00
1.250681042671203613e+00
1.250679254531860352e+00
1.250680208206176758e+00
1.250683188438415527e+00
1.250682592391967773e+00
1.250682473182678223e+00
1.250683903694152832e+00
1.250685930252075195e+00
1.250683665275573730e+00
1.250681996345520020e+00
1.250681877136230469e+00
1.250682115554809570e+00
1.250681519508361816e+00
1.250683307647705078e+00
1.250682592391967773e+00
1.250681519508361816e+00
1.250682115554809570e+00
1.250682234764099121e+00
1.250680685043334961e+00
1.250682353973388672e+00
1.250684380531311035e+00
1.250681519508361816e+00
1.250682353973388672e+00
1.250682115554809570e+00
1.250680088996887207e+00
1.250682950019836426e+00
1.250680208206176758e+00
1.250681519508361816e+00
1.250680565834045410e+00
1.250685811042785645e+00
1.250681519508361816e+00
1.250679612159729004e+00
1.250683665275573730e+00
1.250682592391967773e+00
1.250679969787597656e+00
1.250683546066284180e+00
1.250681400299072266e+00
1.250684499740600586e+00
1.250682592391967773e+00
1.250682234764099121e+00
1.250681757926940918e+00
1.250682830810546875e+00
1.250682950019836426e+00
1.250683665275573730e+00
1.250681519508361816e+00
1.250682830810546875e+00
1.250681996345520020e+00
1.250684380531311035e+00
1.250684618949890137e+00
1.250683665275573730e+00
1.250684618949890137e+00
1.250684142112731934e+00
1.250681757926940918e+00
1.250683426856994629e+00
1.250679254531860352e+00
1.250679612159729004e+00
1.250680208206176758e+00
1.250681042671203613e+00
1.250681281089782715e+00
1.250679969787597656e+00
1.250680923461914062e+00
1.250680446624755859e+00
1.250681877136230469e+00
1.250684857368469238e+00
1.250683546066284180e+00
1.250681877136230469e+00
1.250681877136230469e+00
