1.307482452392578125e+02
1.306901092529296875e+02
1.305898132324218750e+02
1.304456634521484375e+02
1.302557220458984375e+02
1.300342864990234375e+02
1.297792205810546875e+02
1.295017852783203125e+02
1.291947937011718750e+02
1.288592224121093750e+02
1.285053558349609375e+02
1.281251678466796875e+02
1.277270050048828125e+02
1.273126754760742188e+02
1.268904342651367188e+02
1.264545288085937500e+02
1.260090026855468750e+02
1.255561370849609375e+02
1.251011886596679688e+02
1.246444549560546875e+02
1.241901702880859375e+02
1.237376403808593750e+02
1.232926330566406250e+02
1.228519592285156250e+02
1.224208908081054688e+02
1.219995880126953125e+02
1.215861282348632812e+02
1.211903228759765625e+02
1.208128662109375000e+02
1.204528961181640625e+02
1.201134109497070312e+02
1.197959747314453125e+02
1.195007400512695312e+02
1.192364654541015625e+02
1.190057144165039062e+02
1.188079452514648438e+02
1.186433868408203125e+02
1.185171279907226562e+02
1.184284591674804688e+02
1.183868713378906250e+02
