1.166448688507080078e+01
2.728901481628417969e+01
4.256528472900390625e+01
5.752097702026367188e+01
7.205721282958984375e+01
8.607832336425781250e+01
9.949670410156250000e+01
1.122263336181640625e+02
1.241946334838867188e+02
1.353361511230468750e+02
1.455833740234375000e+02
1.548975830078125000e+02
1.632293090820312500e+02
1.705397949218750000e+02
1.767927856445312500e+02
1.819724273681640625e+02
1.860636138916015625e+02
1.890527038574218750e+02
1.909232330322265625e+02
1.916863098144531250e+02
1.913377990722656250e+02
1.898835449218750000e+02
1.873350982666015625e+02
1.837227478027343750e+02
1.790655212402343750e+02
1.733828430175781250e+02
1.666986541748046875e+02
1.590554351806640625e+02
1.504929199218750000e+02
1.410489959716796875e+02
1.307740631103515625e+02
1.197196807861328125e+02
1.079472503662109375e+02
9.551599121093750000e+01
8.249460601806640625e+01
6.895587921142578125e+01
5.497871398925781250e+01
4.064739990234375000e+01
2.604257583618164062e+01
1.112594985961914062e+01
