1.987032236121044960e+06
4.648653015448295511e+06
7.250948432584070601e+06
9.798633812064854428e+06
1.227486525109680556e+07
1.466334567832070217e+07
1.694915176171521097e+07
1.911762984845719114e+07
2.115641628450621665e+07
2.305436129712887108e+07
2.479996420571925491e+07
2.638662924193343148e+07
2.780592941819687560e+07
2.905126246787159517e+07
3.011645241240196303e+07
3.099879856082866341e+07
3.169572758875349164e+07
3.220491570626534522e+07
3.252355824970194697e+07
3.265354752225711942e+07
3.259417910886824876e+07
3.234644854816646501e+07
3.191232352355470136e+07
3.129696368041769043e+07
3.050361036777012423e+07
2.953557251688319817e+07
2.839692845703099295e+07
2.709491468833880499e+07
2.563629983376970142e+07
2.402753799885927886e+07
2.227721472955473140e+07
2.039411311993796006e+07
1.838869282392682135e+07
1.627104179302574880e+07
1.405286345461117290e+07
1.174655655351107568e+07
9.365562160900060087e+06
6.924238907056769356e+06
4.436323535529929213e+06
1.895293058867845684e+06
