2.227281668421956152e+07
2.226291328426285088e+07
2.224582796984933689e+07
2.222127221672833711e+07
2.218891591156793013e+07
2.215119461493488401e+07
2.210774442236892879e+07
2.206048363023954630e+07
2.200818795996944606e+07
2.195102376788335294e+07
2.189074299402610958e+07
2.182597839735376462e+07
2.175815180457942188e+07
2.168757123483543843e+07
2.161564291892936826e+07
2.154138691413583234e+07
2.146549203961192816e+07
2.138834689333495870e+07
2.131084694020914659e+07
2.123304286692718416e+07
2.115565598411579058e+07
2.107856802282555029e+07
2.100276152509905770e+07
2.092769323356366903e+07
2.085426121244117245e+07
2.078249275456579775e+07
2.071206034592362866e+07
2.064463534771430865e+07
2.058033602888784930e+07
2.051901552800093219e+07
2.046118461095722020e+07
2.040710970780766010e+07
2.035681681172828004e+07
2.031179793100652099e+07
2.027248975099451467e+07
2.023879999591877311e+07
2.021076765554251894e+07
2.018925960227704793e+07
2.017415496785478666e+07
2.016707052780710906e+07
