0.000000000000000000e+00
2.912266240183518227e-05
5.715598471431766601e-05
8.312720781823938873e-05
1.069774222371838723e-04
1.304332637067677156e-04
1.514881714684226282e-04
1.722807588267569071e-04
1.919050534131037467e-04
2.096715390352762456e-04
2.265757786190061482e-04
2.411195873168687565e-04
2.539155777156161878e-04
2.639958324210019158e-04
2.730388985453814621e-04
2.801140859134863218e-04
2.849820222544598614e-04
2.878849255165411968e-04
2.894287088494669653e-04
2.885322881821606247e-04
2.861869598518690621e-04
2.827691065555743575e-04
2.777332346037028436e-04
2.710703327984800631e-04
2.629436510172097246e-04
2.529243859434338070e-04
2.403942278191054343e-04
2.260399851921686312e-04
2.097893244027646269e-04
1.920598555183830364e-04
1.731149077884694594e-04
1.530681271550547609e-04
1.319447180353900393e-04
1.100242600415490195e-04
8.748388625262902606e-05
6.469450645180796879e-05
4.179846785317268193e-05
1.898233608763842109e-05
-5.019633792434053511e-06
-2.863278117957013716e-05
