-1.749607462480177447e-03
-1.698404464343423667e-03
5.197982179234647820e-04
-6.034934978483072606e-04
-1.514056479182088275e-03
-5.317961823774516438e-04
-1.380235790227012896e-04
6.934233822962719822e-04
5.344521361893942194e-04
9.921863073336716857e-04
1.299677554192369246e-03
2.551445364236913475e-03
3.599136244694471024e-03
2.245834804091734107e-03
3.987629716642301404e-03
3.899279513772586393e-03
3.928359194068933857e-03
5.520993740122324620e-03
4.156068359335448291e-03
4.465922977715820405e-03
4.641543633857792353e-03
3.560015799071132320e-03
2.060774101688595070e-03
9.219006468540700020e-04
9.032706236228895107e-04
1.056077169671802669e-04
-1.574380076404475635e-03
-2.647702211783222945e-03
-3.487765648106737424e-03
-3.667193631941348224e-03
-5.553685529561830196e-03
-7.047726490098291628e-03
-8.551193237746558887e-03
-9.751856386856522230e-03
-1.114302671237055696e-02
-1.133948652592949892e-02
-1.370859359543393982e-02
-1.422540777938189303e-02
-1.430165418073843855e-02
-1.595781241188157923e-02
