-1.749607501551508904e-03
-1.698404434137046337e-03
5.197981954552233219e-04
-6.034934776835143566e-04
-1.514056464657187462e-03
-5.317961913533508778e-04
-1.380235771648585796e-04
6.934233824722468853e-04
5.344521487131714821e-04
9.921862510964274406e-04
1.299677533097565174e-03
2.551445271819829941e-03
3.599136136472225189e-03
2.245834795758128166e-03
3.987629897892475128e-03
3.899279516190290451e-03
3.928359132260084152e-03
5.520993843674659729e-03
4.156068433076143265e-03
4.465923178941011429e-03
4.641543608158826828e-03
3.560015698894858360e-03
2.060774015262722969e-03
9.219006751663982868e-04
9.032706147991120815e-04
1.056077162502333522e-04
-1.574380090460181236e-03
-2.647702116519212723e-03
-3.487765556201338768e-03
-3.667193697765469551e-03
-5.553685594350099564e-03
-7.047726307064294815e-03
-8.551193401217460632e-03
-9.751856327056884766e-03
-1.114302687346935272e-02
-1.133948657661676407e-02
-1.370859332382678986e-02
-1.422540750354528427e-02
-1.430165395140647888e-02
-1.595781184732913971e-02
