1.471083659875204374e-03
1.435894673874555175e-03
1.414459485637813239e-03
1.343715427270746878e-03
1.267677989505887207e-03
1.274709866299187071e-03
1.181791414469496012e-03
1.192260599716279349e-03
1.157402000379400804e-03
1.086867460412811216e-03
1.063770396377340145e-03
9.649208272202774907e-04
8.939010302031751443e-04
7.724161556210161267e-04
7.317892395973639181e-04
6.432773603710656039e-04
5.404266577788849552e-04
4.471439989333644643e-04
3.820328349595165972e-04
2.608388254982624646e-04
1.867714941863790655e-04
1.300021140949975758e-04
4.437211827795893451e-05
-4.363139998398227870e-05
-1.252851398035786706e-04
-2.304441892862189737e-04
-3.692781659135194248e-04
-4.761331412830035830e-04
-5.888378688016499126e-04
-6.824860326036838020e-04
-7.644383305722142301e-04
-8.420227449376639596e-04
-9.196278227317167481e-04
-9.841780579917067551e-04
-1.040584558831130890e-03
-1.078667801485421818e-03
-1.109728955019382299e-03
-1.131312405861091899e-03
-1.218110372161686564e-03
-1.224992195588388419e-03
