2.427493454888463020e-03
2.767181955277919769e-03
5.328423809260129929e-03
5.287517327815294266e-03
4.311116877943277359e-03
5.327717401087284088e-03
2.669023349881172180e-03
4.065191838890314102e-03
2.267702715471386909e-03
1.444676658138632774e-03
2.790479455143213272e-03
1.083756564185023308e-03
2.275842474773526192e-03
3.314041532576084137e-03
3.469381481409072876e-03
3.789062611758708954e-03
2.143389312550425529e-03
1.409763470292091370e-03
1.756421523168683052e-03
-7.345105404965579510e-05
-6.696169730275869370e-04
-2.219676971435546875e-04
-2.970249333884567022e-04
-1.242031459696590900e-03
-6.356703233905136585e-04
-1.044344156980514526e-03
-3.306757193058729172e-03
-3.701547859236598015e-03
-3.163740737363696098e-03
-4.883216693997383118e-03
-4.344460088759660721e-03
-4.343235399574041367e-03
-4.385884385555982590e-03
-4.555553663522005081e-03
-5.128495395183563232e-03
-3.724400652572512627e-03
-4.494735971093177795e-03
-3.199274186044931412e-03
-4.535100888460874557e-03
-4.498030524700880051e-03
