7.522426002457238648e-04
8.121807090981763557e-04
8.478048283215190847e-04
8.539070859773831941e-04
8.542326927648113532e-04
8.588659187508704100e-04
8.427923786914658577e-04
8.212297420938743410e-04
7.464168245130866752e-04
6.841287094946482466e-04
5.858727736798769771e-04
5.280701983895290386e-04
4.414775120147357464e-04
3.365221681215238786e-04
2.770293551299263680e-04
1.300592494236836344e-04
7.314025432843760386e-05
3.875433327202072064e-05
-8.903303932993474848e-05
-1.543684139304715469e-04
-2.293084841158973342e-04
-3.574243454379137999e-04
-5.133872113795358598e-04
-6.152911498277809478e-04
-6.374706324679337184e-04
-6.742878046998054646e-04
-7.430366526580210306e-04
-7.537311828758219050e-04
-7.243508947500360137e-04
-6.732433851284230948e-04
-6.538229155436093253e-04
-6.103348667308737324e-04
-5.197593277869465202e-04
-4.303758464941963378e-04
-3.231687281348554494e-04
-1.779806124879871948e-04
-2.429351848993901146e-05
1.650249959667908354e-04
3.665783886068983959e-04
5.511263512682185953e-04
