2.427493511416852628e-03
2.767181922944308720e-03
5.328423705039621837e-03
5.287517539764497246e-03
4.311116906130454778e-03
5.327717402844000388e-03
2.669023245670335172e-03
4.065192011390102861e-03
2.267702786370775266e-03
1.444676697925947710e-03
2.790479406743475062e-03
1.083756514436580529e-03
2.275842505238577680e-03
3.314041576180293356e-03
3.469381595057571040e-03
3.789062641405506991e-03
2.143389357330561292e-03
1.409763413730695178e-03
1.756421535053676692e-03
-7.345105498021368550e-05
-6.696169539220827574e-04
-2.219676992517467535e-04
-2.970249241041858675e-04
-1.242031436810302550e-03
-6.356703420955474911e-04
-1.044344166562353321e-03
-3.306757129172506905e-03
-3.701547964708334828e-03
-3.163740627585612340e-03
-4.883216700876966826e-03
-4.344460041746114019e-03
-4.343235315469426601e-03
-4.385884270884201838e-03
-4.555553892014284866e-03
-5.128495414199738152e-03
-3.724400764780246616e-03
-4.494736046783158988e-03
-3.199274093076888426e-03
-4.535100940463810369e-03
-4.498030726059803509e-03
