0.000000000000000000e+00
1.611784431816744583e-05
3.266755184185581891e-05
4.904589454724808640e-05
6.513197798107845521e-05
8.100894458231062446e-05
9.625621458488933509e-05
1.107665151282313337e-04
1.234719818272736686e-04
1.346528401147459699e-04
1.436063070251236207e-04
1.511910876544489489e-04
1.568500920316728007e-04
1.602510600507298588e-04
1.623626419148711808e-04
1.614457818138583596e-04
1.593913533750143826e-04
1.566832971551372655e-04
1.514579050722961585e-04
1.450372776079454889e-04
1.372622199031111299e-04
1.271055744852151196e-04
1.140766405244788038e-04
9.933340971689667343e-05
8.451089252792938716e-05
6.932369785954920090e-05
5.315254227672564148e-05
3.716995639251488261e-05
2.215838015000839970e-05
8.515901943962627557e-06
-4.414627342417267407e-06
-1.618664224220212565e-05
-2.592219348114057712e-05
-3.370264241356801040e-05
-3.924103409086666445e-05
-4.187261706750396146e-05
-4.151481882754477938e-05
-3.756992418964506602e-05
-2.989953523630102631e-05
-1.891942822539356017e-05
