7.358710259678563261e+02
7.358764257014454415e+02
7.358818456171959497e+02
7.358872858842902360e+02
7.358927466741178023e+02
7.358982281602972080e+02
7.359037305187048332e+02
7.359092539275395666e+02
7.359147985673458834e+02
7.359203646210635270e+02
7.359259522740626380e+02
7.359315617141982102e+02
7.359371931318473798e+02
7.359428467199619490e+02
7.359485226741013548e+02
7.359542211924969024e+02
7.359599424760926922e+02
7.359656867286051920e+02
7.359714541565539321e+02
7.359772449693357430e+02
7.359830593792694344e+02
7.359888976016455899e+02
7.359947598548037604e+02
7.360006463601630458e+02
7.360065573422950820e+02
7.360124930289904341e+02
7.360184536513118019e+02
7.360244394436564335e+02
7.360304506438319549e+02
7.360364874931107124e+02
7.360425502363045780e+02
7.360486391218375957e+02
7.360547544018172630e+02
7.360608963320967177e+02
7.360670651723676201e+02
7.360732611862340491e+02
7.360794846412728702e+02
7.360857358091441256e+02
7.360920149656589047e+02
7.360983223908580158e+02
