5.590480135015908445e+02
5.593625631606803381e+02
5.596713021527256160e+02
5.599743096112803187e+02
5.602709875657391194e+02
5.605625044775208607e+02
5.608495310798558648e+02
5.611322332091926910e+02
5.614105295623006668e+02
5.616843546267776901e+02
5.619544769717281270e+02
5.622205613473091717e+02
5.624829635034241164e+02
5.627423095977916319e+02
5.629989338287568899e+02
5.632527395344853858e+02
5.635040611881149744e+02
5.637529949671339864e+02
5.640000811767301911e+02
5.642458318823136096e+02
5.644901949959896683e+02
5.647332464442818036e+02
5.649759683189186035e+02
5.652178553976018520e+02
5.654594948180288156e+02
5.657011226107056245e+02
5.659425901511694974e+02
5.661847486003456424e+02
5.664279353261828192e+02
5.666720098358175619e+02
5.669173592789666145e+02
5.671643077213498145e+02
5.674129436747298314e+02
5.676643459746213694e+02
5.679189380620236989e+02
5.681766464107595311e+02
5.684376975197775437e+02
5.687027297537706545e+02
5.689721973776307777e+02
5.692465698103372915e+02
