5.445669328182203799e+02
5.465342671956389040e+02
5.484968147307354229e+02
5.504572274178361795e+02
5.524023804262544672e+02
5.543193165350894560e+02
5.561959631270407272e+02
5.580200681048632987e+02
5.597810276648506260e+02
5.614685707915999728e+02
5.630723511574130953e+02
5.645850405305864115e+02
5.659983251442722576e+02
5.673049007088392273e+02
5.684973654425349423e+02
5.695715430097434364e+02
5.705222908212240327e+02
5.713453242435768971e+02
5.720362658749786533e+02
5.725931503444166992e+02
5.730129620271486601e+02
5.732938379435515799e+02
5.734344145756028865e+02
5.734355467409018274e+02
5.732969464168272680e+02
5.730188457189482278e+02
5.726018432240239235e+02
5.720485823073804568e+02
5.713618353845381534e+02
5.705442434379204997e+02
5.696002578742331934e+02
5.685342181385055937e+02
5.673519603795218700e+02
5.660593948840271423e+02
5.646635768361684313e+02
5.631722123666837660e+02
5.615941222732184315e+02
5.599387601613003653e+02
5.582155047964477035e+02
5.564191167300266443e+02
