5.431499999999998636e+02
5.434695728754055608e+02
5.437885803330523231e+02
5.441069202742118023e+02
5.444244813084346788e+02
5.447411776474218641e+02
5.450569387119597877e+02
5.453716988697623265e+02
5.456853924817771713e+02
5.459979542134070698e+02
5.463093353014191962e+02
5.466194816299979493e+02
5.469283473170905836e+02
5.472358997671209409e+02
5.475421136690579260e+02
5.478469624566620269e+02
5.481504266947131327e+02
5.484524892891187164e+02
5.487531440151403785e+02
5.490523947008109644e+02
5.493502440940660563e+02
5.496466963561367720e+02
5.499417744652068905e+02
5.502354911567488216e+02
5.505278701524537155e+02
5.508189391524792882e+02
5.511087223670832600e+02
5.513972597333541898e+02
5.516845967035017111e+02
5.519707749839326425e+02
5.522558426883176708e+02
5.525398529755855179e+02
5.528228594417366821e+02
5.531049349253646596e+02
5.533861585886677403e+02
5.536666063359722330e+02
5.539463565719512417e+02
5.542254979254657883e+02
5.545041255138169163e+02
5.547823410624154121e+02
