5.431499999999998636e+02
5.432166626637476838e+02
5.433206933970099044e+02
5.434612729782704719e+02
5.436373272699518111e+02
5.438475372993402743e+02
5.440903635863392083e+02
5.443640493101714810e+02
5.446666595595798981e+02
5.449960940225029162e+02
5.453500915252832328e+02
5.457262950593997175e+02
5.461222369280228577e+02
5.465353631992234114e+02
5.469630358985302792e+02
5.474025996373914040e+02
5.478513648775815454e+02
5.483066268454606416e+02
5.487656653265505611e+02
5.492257925916089789e+02
5.496843329679802537e+02
5.501386451238752215e+02
5.505861308873926419e+02
5.510242764685190195e+02
5.514506278968150355e+02
5.518627986760882322e+02
5.522584740292660399e+02
5.526354467308001404e+02
5.529916152947623686e+02
5.533249770991988044e+02
5.536336583747304303e+02
5.539159068931569436e+02
5.541701152454426165e+02
5.543948166654882925e+02
5.545887012686195021e+02
5.547506227323231087e+02
5.548796137955343966e+02
5.549748926267462821e+02
5.550358560868451150e+02
5.550617994383333098e+02
