1.242192387580871582e+00
1.239733576774597168e+00
1.237872958183288574e+00
1.236445426940917969e+00
1.235938310623168945e+00
1.235783576965332031e+00
1.235748291015625000e+00
1.235729932785034180e+00
1.235728263854980469e+00
1.235729217529296875e+00
1.235724806785583496e+00
1.235722184181213379e+00
1.235724806785583496e+00
1.235724091529846191e+00
1.235726833343505859e+00
1.235725641250610352e+00
1.235723614692687988e+00
1.235723972320556641e+00
1.235725283622741699e+00
1.235722422599792480e+00
1.235721707344055176e+00
