1.247387051582336426e+00
1.246648073196411133e+00
1.246261000633239746e+00
1.246146917343139648e+00
1.246147871017456055e+00
1.246144533157348633e+00
1.246140241622924805e+00
1.246139287948608398e+00
1.246141791343688965e+00
1.246145367622375488e+00
1.246144652366638184e+00
1.246145486831665039e+00
1.246143460273742676e+00
1.246140718460083008e+00
1.246136546134948730e+00
1.246135354042053223e+00
1.246138572692871094e+00
1.246134877204895020e+00
1.246142983436584473e+00
1.246136307716369629e+00
1.246139883995056152e+00
1.246141195297241211e+00
1.246142864227294922e+00
1.246143341064453125e+00
1.246134638786315918e+00
1.246141076087951660e+00
1.246143221855163574e+00
1.246142148971557617e+00
1.246139049530029297e+00
1.246143817901611328e+00
1.246140837669372559e+00
1.246137261390686035e+00
1.246137142181396484e+00
1.246137142181396484e+00
1.246140003204345703e+00
1.246141910552978516e+00
1.246145009994506836e+00
1.246142506599426270e+00
1.246132612228393555e+00
1.246138334274291992e+00
1.246141791343688965e+00
1.246137619018554688e+00
1.246140003204345703e+00
1.246140241622924805e+00
1.246139526367187500e+00
1.246143102645874023e+00
1.246139883995056152e+00
1.246133565902709961e+00
1.246136903762817383e+00
1.246133804321289062e+00
1.246136307716369629e+00
1.246145725250244141e+00
1.246138691902160645e+00
1.246142148971557617e+00
1.246138453483581543e+00
1.246142387390136719e+00
1.246144175529479980e+00
1.246140003204345703e+00
1.246141910552978516e+00
1.246143102645874023e+00
1.246145606040954590e+00
1.246142506599426270e+00
1.246142864227294922e+00
1.246139049530029297e+00
1.246144890785217285e+00
1.246138453483581543e+00
1.246142506599426270e+00
1.246142029762268066e+00
1.246145129203796387e+00
1.246143937110900879e+00
1.246140241622924805e+00
1.246141433715820312e+00
1.246140599250793457e+00
1.246142864227294922e+00
1.246135592460632324e+00
1.246145963668823242e+00
1.246136784553527832e+00
1.246141195297241211e+00
1.246137857437133789e+00
1.246143817901611328e+00
1.246139287948608398e+00
1.246139049530029297e+00
1.246144652366638184e+00
1.246139883995056152e+00
1.246142625808715820e+00
1.246142387390136719e+00
1.246139883995056152e+00
1.246138215065002441e+00
1.246139287948608398e+00
1.246138930320739746e+00
1.246134996414184570e+00
1.246135234832763672e+00
1.246136665344238281e+00
1.246138215065002441e+00
1.246138334274291992e+00
1.246138334274291992e+00
