1.074545166015625000e+03
1.059704467773437500e+03
1.031011108398437500e+03
9.894934692382812500e+02
9.356742553710937500e+02
8.703857421875000000e+02
7.941618652343750000e+02
7.075277099609375000e+02
6.111436157226562500e+02
5.056264038085937500e+02
3.756062011718750000e+02
2.784046630859375000e+02
2.046878967285156250e+02
1.497126464843750000e+02
1.095958099365234375e+02
8.079936218261718750e+01
6.058297729492187500e+01
4.697502136230468750e+01
3.859758377075195312e+01
3.455615997314453125e+01
