1.921410369873046875e+02
4.825313720703125000e+02
7.359133300781250000e+02
9.368471679687500000e+02
1.074306030273437500e+03
1.142063964843750000e+03
1.137957763671875000e+03
1.063010009765625000e+03
9.210960693359375000e+02
6.756574096679687500e+02
4.913928222656250000e+02
3.520682983398437500e+02
2.496963806152343750e+02
1.756251525878906250e+02
1.224663848876953125e+02
8.434295654296875000e+01
5.678623962402343750e+01
3.643775177001953125e+01
2.074886703491210938e+01
7.702755928039550781e+00
