1.636550489263904840e+07
4.109933856030089408e+07
6.268100449956247956e+07
7.979543126989914477e+07
9.150341265095412731e+07
9.727465666583269835e+07
9.692491328762401640e+07
9.054128044959533215e+07
7.845384029182627797e+07
5.754874032661524415e+07
4.185410760288105160e+07
2.998721954126073793e+07
2.126774895517443493e+07
1.495877371650445834e+07
1.043100553889391199e+07
7.183863944977040403e+06
4.836736061036940664e+06
3.103565038573320024e+06
1.767273094289625296e+06
6.560779092467626324e+05
