9.152378090346349776e+07
9.025973276725640893e+07
8.781579200061610341e+07
8.427955040714929998e+07
7.969552909826232493e+07
7.413461666283163428e+07
6.764229076113116741e+07
6.026327525133784115e+07
5.205381416711668670e+07
4.306644491527217627e+07
3.199204719286509231e+07
2.371296078810832277e+07
1.743417662305971608e+07
1.275169056515431777e+07
9.334761547307677567e+06
6.882040285902621225e+06
5.160121059387193993e+06
4.001071056920632254e+06
3.287527515977875330e+06
2.943301514234467410e+06
