0.000000000000000000e+00
3.446295633109423357e-05
5.759090933592320659e-05
7.806046102064076561e-05
1.003160821167424353e-04
1.155316097184109619e-04
1.261649641312700531e-04
1.239833078270724347e-04
1.140704493925036485e-04
9.145812204440864103e-05
1.317903696735759476e-05
4.195145792562449316e-06
-2.827297495335328324e-08
-3.448079274381307826e-08
-3.604715041840189674e-08
-3.367349225457578985e-08
-2.815531788108842120e-08
-2.050098261986615241e-08
-1.092815046190227152e-08
0.000000000000000000e+00
