1.090589597730097070e-03
1.946796023004206382e-03
-6.156691346716118649e-04
-1.233664508073522949e-05
3.261561158693702364e-05
-6.311179435677747175e-05
-7.685474713552008414e-05
-6.728655411131194029e-04
-6.891009988482120398e-04
-4.043834441010779276e-04
-3.574937349225859097e-04
-1.172876389466051420e-03
-3.429132358005142342e-04
-1.926260505634161662e-03
-1.322647087411873024e-03
-1.321933482642065761e-04
-1.781919835388103175e-03
-3.394334449779384463e-03
-2.312627966644329510e-03
-1.975964107650420021e-03
