5.336940754204988480e-03
4.439978860318660736e-03
5.474205594509840012e-03
3.785331267863512039e-03
1.011291751638054848e-03
1.688822638243436813e-03
1.791464281268417835e-03
4.134062037337571383e-04
-1.729450421407818794e-03
-3.911329898983240128e-03
-7.035915274173021317e-03
-5.243916064500808716e-03
-8.132996037602424622e-03
-9.538811631500720978e-03
-8.764541707932949066e-03
-8.447951637208461761e-03
-1.058588549494743347e-02
-1.036331523209810257e-02
-1.003724988549947739e-02
-9.829507209360599518e-03
