-1.628953068795377857e-07
-1.628977074924244334e-07
-1.629000153259734144e-07
-1.629024157707392687e-07
-1.629049397199448177e-07
-1.629075408228162134e-07
-1.629091840450046593e-07
-1.629118467717663345e-07
-1.629143085845316974e-07
-2.218524964231674904e-03
-1.486479677788184271e-03
-1.014715472864378314e-03
-6.230467619183919148e-04
-3.498186667669008106e-04
-1.745504263136169907e-04
-5.247370596145377536e-05
3.367796297821496707e-05
9.226267715602506523e-05
1.269011814880832256e-04
1.392654558728181348e-04
