0.000000000000000000e+00
2.010191124716972805e-05
4.864053992971765025e-05
7.780210436241866167e-05
1.000722938339751228e-04
1.184348803489735139e-04
1.343484741871670799e-04
1.404962763449577859e-04
1.279964056314637332e-04
1.669283267514777731e-06
8.679396521682957421e-07
4.226962389132789226e-07
1.257887880304794889e-07
-5.804729425967754059e-09
-9.301842143924093361e-09
-1.010605516472455756e-08
-8.985840351993968259e-09
-6.559665021124258495e-09
-3.387191267615584713e-09
0.000000000000000000e+00
