5.879662879189524478e-04
8.040149860924224829e-04
5.875207928412628155e-04
5.591134841345181449e-04
6.342046473010493242e-04
4.953861629313627410e-04
4.040872644073126903e-04
9.353109315665660624e-05
-1.119033561600969685e-04
-4.640118750170501498e-04
-6.825561964591095755e-04
-5.132869984129963259e-04
-3.792872932047868548e-04
-3.648832597629574916e-04
-2.969399900675963994e-04
-2.413204779863981563e-04
-1.929473084748090724e-04
-1.469437344715870573e-04
-1.087173187703278113e-04
-7.285380494204929630e-05
