1.980376425498002609e-04
4.950225305869944978e-04
7.120190692083069872e-04
7.536629845992683227e-04
6.249364938338686356e-04
5.640026864144988879e-04
5.348442827080565403e-04
3.216748229460175213e-04
-1.399763598304185161e-04
-6.868197286459259022e-04
-6.922055126769770337e-04
-5.674118707084102988e-04
-4.940436395173624599e-04
-3.613614014672790020e-04
-2.379798321108543210e-04
-1.702990457032953187e-04
-1.223903704624517840e-04
-8.425132077027625704e-05
-5.020683947721910295e-05
-1.798601028840612041e-05
