-3.789237786501778987e-08
-3.789289896109234704e-08
-3.789352817961268478e-08
-3.789421917037976616e-08
-3.789478655133625417e-08
-3.789549294478014655e-08
-3.789619931416249973e-08
-3.789696744991488859e-08
-3.789739571715540881e-08
-3.789800933429508449e-08
-1.425652476344769961e-03
-1.032954448148556015e-03
-6.862270457559890326e-04
-3.433859060706450869e-04
-9.932650742923253414e-05
9.019230961664050571e-05
2.380560928303844916e-04
3.306325620543434712e-04
4.088186496555123030e-04
4.804532771813655226e-04
