5.336940851201664796e-03
4.439978885423756690e-03
5.474205543471689743e-03
3.785331196618421483e-03
1.011291696746504341e-03
1.688822666131644182e-03
1.791464326839694622e-03
4.134062122554874432e-04
-1.729450467434815895e-03
-3.911329703956544813e-03
-7.035915398377163947e-03
-5.243916212101195490e-03
-8.132995931119001848e-03
-9.538811495363994086e-03
-8.764541617268072418e-03
-8.447952022868824781e-03
-1.058588579012272567e-02
-1.036331478683904725e-02
-1.003724996263104241e-02
-9.829507562715767560e-03
