1.090589561499655247e-03
1.946796081028878689e-03
-6.156691233627498150e-04
-1.233664534083800390e-05
3.261561141698621213e-05
-6.311179458862170577e-05
-7.685474702157080173e-05
-6.728655425831675529e-04
-6.891009979881346226e-04
-4.043834342155605555e-04
-3.574937290977686644e-04
-1.172876334749162197e-03
-3.429132339078933001e-04
-1.926260534673929214e-03
-1.322647091001272202e-03
-1.321933523286134005e-04
-1.781919854693114758e-03
-3.394334344193339348e-03
-2.312627853825688362e-03
-1.975964056327939034e-03
