7.358767132309160388e+02
7.358872950740741317e+02
7.358978769879512356e+02
7.359084589730662174e+02
7.359190410299320320e+02
7.359296231590590196e+02
7.359402053609521772e+02
7.359507876361103627e+02
7.359613699850302737e+02
7.359719524082007638e+02
6.946004508704866112e+02
6.756470491377677945e+02
6.633562119975439373e+02
6.544944112354628487e+02
6.483325017280435532e+02
6.439449160709028774e+02
6.405066728986331555e+02
6.378070097619665830e+02
6.357531796436965124e+02
6.336825600647175634e+02
