7.358583143468483740e+02
7.358688956803006249e+02
7.358794770843767310e+02
7.358900585595902157e+02
7.359006401064609690e+02
7.359112217254935331e+02
7.359218034171992713e+02
7.359323851820695381e+02
7.359429670206045557e+02
6.755237834487403461e+02
6.470351173658812058e+02
6.283543875440807369e+02
6.158813659090808414e+02
6.073142484595389305e+02
6.014437408414322590e+02
5.974246048321325588e+02
5.947024791065242653e+02
5.929167433384317292e+02
5.918414633025990952e+02
5.913507663819370919e+02
