5.548363013568648512e+02
5.736890733307925530e+02
5.909229884195817704e+02
6.054629035290273578e+02
6.164677625439228450e+02
6.233702665219100254e+02
6.258498467641315983e+02
6.237906229190484737e+02
6.172696858703850467e+02
6.023065403449472797e+02
5.910270340724083553e+02
5.824958583329619159e+02
5.762253060470463879e+02
5.716857248345388598e+02
5.684254025488123716e+02
5.660849973826867654e+02
5.643910569430690884e+02
5.631380867639277312e+02
5.621701759650768508e+02
5.613639425481155740e+02
