6.085057165554592302e+02
6.102416326107943405e+02
6.110411814630633671e+02
6.109311215212065918e+02
6.099147882233368136e+02
6.080189045290143213e+02
6.052514499247154163e+02
6.016251732706457460e+02
5.971602325208940556e+02
5.918793535327723703e+02
5.839369678026895372e+02
5.779829945714110409e+02
5.734657926740916309e+02
5.700956726686591765e+02
5.676341775186132281e+02
5.658652420198899335e+02
5.646212149479414393e+02
5.637814469213267330e+02
5.632616795662811455e+02
5.630071646518201760e+02
