5.431499999999999773e+02
5.443290252061997307e+02
5.461186463507889357e+02
5.483815380110495425e+02
5.509545563296669570e+02
5.536632075903596615e+02
5.563336914433605216e+02
5.588016264803920876e+02
5.609184681035106905e+02
5.609691274464569233e+02
5.609622641532922671e+02
5.609550530647265987e+02
5.609475957611957710e+02
5.609399646646662632e+02
5.609322122429433648e+02
5.609243755923712342e+02
5.609164811216504631e+02
5.609085483384744748e+02
5.609005923925960815e+02
5.608926260732330320e+02
