5.431499999999999773e+02
5.457335791136266607e+02
5.482261768202093890e+02
5.505981605642336945e+02
5.528222437184264209e+02
5.548741476457948920e+02
5.567316111043322735e+02
5.583742909168290680e+02
5.597837169633563690e+02
5.609430326067059696e+02
5.609539074138203887e+02
5.609476007165143301e+02
5.609410771047586195e+02
5.609343805935459386e+02
5.609275767892503382e+02
5.609206924340330715e+02
5.609137431940506531e+02
5.609067443951859104e+02
5.608997064342709109e+02
5.608926260732330320e+02
