1.245712637901306152e+00
1.243392109870910645e+00
1.241684675216674805e+00
1.241840839385986328e+00
1.242093324661254883e+00
1.242045044898986816e+00
1.242029666900634766e+00
1.242022633552551270e+00
1.242028117179870605e+00
1.242006540298461914e+00
1.242011785507202148e+00
1.242023706436157227e+00
1.242017984390258789e+00
1.242021679878234863e+00
1.242019772529602051e+00
1.242018222808837891e+00
1.242015123367309570e+00
1.242016553878784180e+00
1.242012977600097656e+00
1.242013454437255859e+00
1.242008209228515625e+00
1.242013812065124512e+00
1.242014765739440918e+00
1.242013454437255859e+00
1.242017984390258789e+00
1.242020845413208008e+00
1.242018580436706543e+00
1.242013812065124512e+00
1.242017626762390137e+00
1.242020606994628906e+00
1.242021441459655762e+00
1.242025017738342285e+00
1.242019534111022949e+00
1.242022275924682617e+00
1.242021322250366211e+00
1.242020845413208008e+00
1.242020606994628906e+00
1.242022156715393066e+00
1.242022752761840820e+00
1.242031574249267578e+00
1.242027163505554199e+00
1.242026686668395996e+00
1.242024183273315430e+00
1.242025732994079590e+00
1.242018580436706543e+00
1.242032170295715332e+00
1.242015480995178223e+00
1.242022395133972168e+00
1.242028594017028809e+00
1.242024540901184082e+00
1.242025971412658691e+00
1.242024540901184082e+00
1.242033481597900391e+00
1.242023706436157227e+00
1.242025375366210938e+00
1.242023706436157227e+00
1.242015361785888672e+00
1.242021679878234863e+00
1.242027640342712402e+00
1.242024302482604980e+00
1.242032408714294434e+00
1.242030858993530273e+00
1.242032170295715332e+00
1.242023229598999023e+00
1.242027640342712402e+00
1.242019414901733398e+00
1.242021322250366211e+00
1.242016196250915527e+00
1.242026448249816895e+00
1.242025017738342285e+00
1.242028474807739258e+00
1.242020606994628906e+00
1.242020368576049805e+00
1.242023944854736328e+00
1.242022156715393066e+00
1.242025732994079590e+00
1.242028474807739258e+00
1.242027878761291504e+00
1.242030978202819824e+00
1.242025971412658691e+00
1.242026209831237793e+00
1.242025136947631836e+00
1.242032289505004883e+00
1.242018938064575195e+00
1.242033243179321289e+00
1.242023348808288574e+00
1.242023587226867676e+00
1.242027878761291504e+00
1.242024660110473633e+00
1.242027521133422852e+00
1.242022514343261719e+00
1.242021799087524414e+00
1.242026567459106445e+00
1.242025613784790039e+00
1.242019772529602051e+00
1.242029070854187012e+00
1.242019772529602051e+00
1.242017030715942383e+00
1.242021441459655762e+00
1.242021918296813965e+00
1.242022871971130371e+00
1.242025136947631836e+00
1.242029547691345215e+00
1.242023229598999023e+00
1.242026805877685547e+00
1.242023706436157227e+00
1.242028951644897461e+00
1.242021799087524414e+00
1.242021322250366211e+00
1.242027282714843750e+00
1.242028713226318359e+00
1.242024064064025879e+00
1.242026805877685547e+00
1.242027401924133301e+00
1.242016196250915527e+00
1.242022275924682617e+00
1.242029309272766113e+00
1.242027997970581055e+00
1.242017626762390137e+00
1.242017030715942383e+00
1.242020368576049805e+00
1.242026805877685547e+00
1.242027759552001953e+00
1.242026090621948242e+00
1.242022395133972168e+00
1.242022275924682617e+00
1.242026805877685547e+00
1.242019414901733398e+00
1.242021799087524414e+00
1.242025136947631836e+00
1.242016077041625977e+00
1.242019772529602051e+00
1.242027401924133301e+00
1.242028117179870605e+00
1.242026448249816895e+00
1.242031455039978027e+00
1.242026686668395996e+00
1.242023944854736328e+00
1.242029070854187012e+00
1.242023110389709473e+00
1.242020726203918457e+00
1.242028832435607910e+00
1.242023706436157227e+00
1.242025732994079590e+00
1.242027878761291504e+00
1.242028117179870605e+00
1.242018699645996094e+00
1.242023468017578125e+00
1.242024421691894531e+00
1.242027997970581055e+00
1.242017865180969238e+00
1.242022633552551270e+00
1.242023110389709473e+00
1.242022156715393066e+00
1.242025494575500488e+00
1.242024779319763184e+00
1.242025613784790039e+00
1.242022991180419922e+00
1.242027163505554199e+00
1.242025375366210938e+00
1.242017030715942383e+00
1.242023348808288574e+00
1.242027640342712402e+00
1.242030024528503418e+00
1.242033123970031738e+00
1.242032170295715332e+00
1.242026805877685547e+00
1.242026567459106445e+00
1.242029786109924316e+00
1.242028474807739258e+00
1.242018342018127441e+00
1.242027521133422852e+00
1.242024421691894531e+00
1.242025017738342285e+00
1.242018938064575195e+00
1.242022752761840820e+00
1.242027878761291504e+00
1.242031574249267578e+00
1.242020726203918457e+00
1.242023229598999023e+00
1.242021441459655762e+00
1.242023706436157227e+00
1.242021918296813965e+00
1.242022871971130371e+00
1.242019772529602051e+00
1.242019176483154297e+00
1.242026448249816895e+00
1.242026090621948242e+00
1.242023110389709473e+00
1.242026329040527344e+00
1.242020726203918457e+00
1.242033958435058594e+00
1.242025375366210938e+00
1.242021918296813965e+00
1.242026209831237793e+00
1.242027163505554199e+00
1.242020964622497559e+00
1.242019653320312500e+00
1.242022633552551270e+00
1.242019414901733398e+00
1.242020249366760254e+00
1.242032766342163086e+00
1.242032289505004883e+00
1.242022514343261719e+00
1.242025256156921387e+00
1.242027759552001953e+00
1.242030143737792969e+00
1.242024183273315430e+00
1.242024421691894531e+00
1.242030858993530273e+00
1.242026448249816895e+00
1.242027878761291504e+00
1.242031335830688477e+00
1.242022991180419922e+00
1.242026090621948242e+00
1.242023229598999023e+00
1.242033243179321289e+00
1.242030024528503418e+00
1.242021679878234863e+00
1.242024302482604980e+00
1.242026567459106445e+00
1.242025136947631836e+00
1.242025136947631836e+00
