1.245761394500732422e+00
1.245765924453735352e+00
1.245771646499633789e+00
1.245771765708923340e+00
1.245776176452636719e+00
1.245776176452636719e+00
1.245778203010559082e+00
1.245782971382141113e+00
1.245776891708374023e+00
1.245778083801269531e+00
1.245785236358642578e+00
1.245778799057006836e+00
1.245772123336791992e+00
1.245780706405639648e+00
1.245773911476135254e+00
1.245778441429138184e+00
1.245778441429138184e+00
1.245769739151000977e+00
1.245772123336791992e+00
1.245772957801818848e+00
1.245771288871765137e+00
1.245769381523132324e+00
1.245776057243347168e+00
1.245778918266296387e+00
1.245775699615478516e+00
1.245773673057556152e+00
1.245773792266845703e+00
