1.250655412673950195e+00
1.250680923461914062e+00
1.250713706016540527e+00
1.250719904899597168e+00
1.250714182853698730e+00
1.250717759132385254e+00
1.250711560249328613e+00
1.250707268714904785e+00
1.250714898109436035e+00
1.250711798667907715e+00
1.250716924667358398e+00
1.250710487365722656e+00
1.250720381736755371e+00
1.250721096992492676e+00
1.250715136528015137e+00
1.250714421272277832e+00
1.250713229179382324e+00
1.250715851783752441e+00
1.250711560249328613e+00
1.250717997550964355e+00
1.250725746154785156e+00
1.250724315643310547e+00
1.250720977783203125e+00
1.250713825225830078e+00
1.250717401504516602e+00
1.250715374946594238e+00
1.250719189643859863e+00
1.250716686248779297e+00
1.250718355178833008e+00
1.250722408294677734e+00
1.250718116760253906e+00
1.250713825225830078e+00
1.250717163085937500e+00
1.250713586807250977e+00
1.250717163085937500e+00
1.250719666481018066e+00
1.250716567039489746e+00
1.250720381736755371e+00
1.250715494155883789e+00
1.250717401504516602e+00
1.250719308853149414e+00
1.250714659690856934e+00
1.250711321830749512e+00
1.250715255737304688e+00
1.250721693038940430e+00
1.250719308853149414e+00
1.250721812248229980e+00
1.250721454620361328e+00
1.250717043876647949e+00
1.250713706016540527e+00
1.250716686248779297e+00
1.250710487365722656e+00
1.250714540481567383e+00
1.250712275505065918e+00
1.250714421272277832e+00
1.250708341598510742e+00
1.250716328620910645e+00
1.250715374946594238e+00
1.250711917877197266e+00
1.250709533691406250e+00
1.250710487365722656e+00
1.250713706016540527e+00
1.250708699226379395e+00
1.250711560249328613e+00
1.250714182853698730e+00
1.250713825225830078e+00
1.250714898109436035e+00
1.250715613365173340e+00
1.250717043876647949e+00
1.250719904899597168e+00
1.250712633132934570e+00
1.250714302062988281e+00
1.250710487365722656e+00
1.250712871551513672e+00
1.250712275505065918e+00
1.250710129737854004e+00
1.250713825225830078e+00
1.250711321830749512e+00
1.250709772109985352e+00
1.250707149505615234e+00
1.250711321830749512e+00
1.250712275505065918e+00
1.250709772109985352e+00
1.250711083412170410e+00
1.250706672668457031e+00
1.250708460807800293e+00
1.250710010528564453e+00
1.250708341598510742e+00
1.250713825225830078e+00
1.250712394714355469e+00
1.250711917877197266e+00
1.250714659690856934e+00
1.250717520713806152e+00
1.250717282295227051e+00
1.250715613365173340e+00
1.250715851783752441e+00
1.250715136528015137e+00
1.250716686248779297e+00
1.250715017318725586e+00
1.250716805458068848e+00
1.250715136528015137e+00
1.250716567039489746e+00
1.250715613365173340e+00
1.250717997550964355e+00
1.250722289085388184e+00
1.250713706016540527e+00
1.250719785690307617e+00
1.250717520713806152e+00
1.250720262527465820e+00
1.250715136528015137e+00
1.250718235969543457e+00
1.250718116760253906e+00
1.250715613365173340e+00
1.250712037086486816e+00
1.250715732574462891e+00
1.250711679458618164e+00
1.250713586807250977e+00
1.250717520713806152e+00
1.250725507736206055e+00
1.250720024108886719e+00
1.250714063644409180e+00
1.250717639923095703e+00
1.250719547271728516e+00
1.250714421272277832e+00
1.250717282295227051e+00
1.250717997550964355e+00
1.250719666481018066e+00
1.250718355178833008e+00
1.250722408294677734e+00
1.250721454620361328e+00
1.250714778900146484e+00
1.250721931457519531e+00
1.250721812248229980e+00
1.250721931457519531e+00
1.250719428062438965e+00
1.250717639923095703e+00
1.250717639923095703e+00
