1.250655412673950195e+00
1.250715851783752441e+00
1.250717401504516602e+00
1.250718951225280762e+00
1.250715613365173340e+00
1.250717639923095703e+00
1.250719666481018066e+00
1.250716686248779297e+00
1.250714898109436035e+00
1.250716328620910645e+00
1.250715970993041992e+00
1.250704050064086914e+00
1.250717401504516602e+00
1.250711917877197266e+00
1.250717401504516602e+00
1.250719308853149414e+00
1.250720381736755371e+00
1.250723123550415039e+00
1.250712275505065918e+00
1.250715017318725586e+00
1.250715494155883789e+00
1.250714778900146484e+00
1.250716686248779297e+00
1.250716328620910645e+00
1.250717997550964355e+00
1.250714302062988281e+00
1.250714063644409180e+00
1.250717639923095703e+00
1.250722289085388184e+00
1.250717639923095703e+00
1.250714540481567383e+00
1.250721335411071777e+00
1.250723958015441895e+00
1.250725746154785156e+00
1.250719904899597168e+00
1.250721096992492676e+00
1.250717401504516602e+00
1.250712871551513672e+00
1.250715851783752441e+00
1.250724077224731445e+00
1.250714778900146484e+00
1.250717759132385254e+00
1.250719547271728516e+00
1.250713109970092773e+00
1.250713944435119629e+00
1.250720262527465820e+00
1.250713825225830078e+00
1.250721335411071777e+00
1.250715851783752441e+00
1.250715613365173340e+00
1.250714778900146484e+00
1.250714540481567383e+00
1.250714540481567383e+00
