/*--------------------------------*- C++ -*----------------------------------*\
| =========                 |                                                 |
| \\      /  F ield         | OpenFOAM: The Open Source CFD Toolbox           |
|  \\    /   O peration     | Version:  2406                                  |
|   \\  /    A nd           | Website:  www.openfoam.com                      |
|    \\/     M anipulation  |                                                 |
\*---------------------------------------------------------------------------*/
FoamFile
{
    version     2.0;
    format      ascii;
    arch        "LSB;label=32;scalar=64";
    class       volTensorField;
    location    "30/fluidRegion";
    object      KdTotU;
}
// * * * * * * * * * * * * * * * * * * * * * * * * * * * * * * * * * * * * * //

dimensions      [1 -2 -2 0 0 0 0];

internalField   nonuniform List<tensor> 
75
(
(539.428 0 0 0 539.428 0 0 0 539.428)
(539.428 0 0 0 539.428 0 0 0 539.428)
(539.428 0 0 0 539.428 0 0 0 539.428)
(539.428 0 0 0 539.428 0 0 0 539.428)
(539.428 0 0 0 539.428 0 0 0 539.428)
(538.988 0 0 0 538.988 0 0 0 538.988)
(538.815 0 0 0 538.815 0 0 0 538.815)
(538.658 0 0 0 538.658 0 0 0 538.658)
(538.519 0 0 0 538.519 0 0 0 538.519)
(538.398 0 0 0 538.398 0 0 0 538.398)
(538.294 0 0 0 538.294 0 0 0 538.294)
(538.206 0 0 0 538.206 0 0 0 538.206)
(538.136 0 0 0 538.136 0 0 0 538.136)
(538.082 0 0 0 538.082 0 0 0 538.082)
(538.045 0 0 0 538.045 0 0 0 538.045)
(538.024 0 0 0 538.024 0 0 0 538.024)
(538.019 0 0 0 538.019 0 0 0 538.019)
(538.03 0 0 0 538.03 0 0 0 538.03)
(538.057 0 0 0 538.057 0 0 0 538.057)
(538.1 0 0 0 538.1 0 0 0 538.1)
(538.158 0 0 0 538.158 0 0 0 538.158)
(548.481 0 0 0 548.481 0 0 0 548.481)
(567.936 0 0 0 567.936 0 0 0 567.936)
(594.454 0 0 0 594.454 0 0 0 594.454)
(627.23 0 0 0 627.23 0 0 0 627.23)
(666.037 0 0 0 666.037 0 0 0 666.037)
(710.928 0 0 0 710.928 0 0 0 710.928)
(762.152 0 0 0 762.152 0 0 0 762.152)
(820.069 0 0 0 820.069 0 0 0 820.069)
(885.102 0 0 0 885.102 0 0 0 885.102)
(957.686 0 0 0 957.686 0 0 0 957.686)
(1038.23 0 0 0 1038.23 0 0 0 1038.23)
(1127.07 0 0 0 1127.07 0 0 0 1127.07)
(1224.43 0 0 0 1224.43 0 0 0 1224.43)
(1330.38 0 0 0 1330.38 0 0 0 1330.38)
(1444.83 0 0 0 1444.83 0 0 0 1444.83)
(1567.48 0 0 0 1567.48 0 0 0 1567.48)
(1697.82 0 0 0 1697.82 0 0 0 1697.82)
(1835.2 0 0 0 1835.2 0 0 0 1835.2)
(1977.1 0 0 0 1977.1 0 0 0 1977.1)
(2120.25 0 0 0 2120.25 0 0 0 2120.25)
(2263.18 0 0 0 2263.18 0 0 0 2263.18)
(2405.62 0 0 0 2405.62 0 0 0 2405.62)
(2547.5 0 0 0 2547.5 0 0 0 2547.5)
(2688.84 0 0 0 2688.84 0 0 0 2688.84)
(2829.64 0 0 0 2829.64 0 0 0 2829.64)
(2969.95 0 0 0 2969.95 0 0 0 2969.95)
(3109.78 0 0 0 3109.78 0 0 0 3109.78)
(3249.18 0 0 0 3249.18 0 0 0 3249.18)
(3388.14 0 0 0 3388.14 0 0 0 3388.14)
(3526.71 0 0 0 3526.71 0 0 0 3526.71)
(3664.89 0 0 0 3664.89 0 0 0 3664.89)
(3802.7 0 0 0 3802.7 0 0 0 3802.7)
(3940.14 0 0 0 3940.14 0 0 0 3940.14)
(4077.24 0 0 0 4077.24 0 0 0 4077.24)
(4213.99 0 0 0 4213.99 0 0 0 4213.99)
(4350.4 0 0 0 4350.4 0 0 0 4350.4)
(4486.47 0 0 0 4486.47 0 0 0 4486.47)
(4622.21 0 0 0 4622.21 0 0 0 4622.21)
(4757.63 0 0 0 4757.63 0 0 0 4757.63)
(4892.71 0 0 0 4892.71 0 0 0 4892.71)
(5027.46 0 0 0 5027.46 0 0 0 5027.46)
(5161.89 0 0 0 5161.89 0 0 0 5161.89)
(5295.99 0 0 0 5295.99 0 0 0 5295.99)
(5429.76 0 0 0 5429.76 0 0 0 5429.76)
(5563.2 0 0 0 5563.2 0 0 0 5563.2)
(5696.31 0 0 0 5696.31 0 0 0 5696.31)
(5829.09 0 0 0 5829.09 0 0 0 5829.09)
(5961.53 0 0 0 5961.53 0 0 0 5961.53)
(6093.71 0 0 0 6093.71 0 0 0 6093.71)
(6225.75 0 0 0 6225.75 0 0 0 6225.75)
(6357.72 0 0 0 6357.72 0 0 0 6357.72)
(6489.6 0 0 0 6489.6 0 0 0 6489.6)
(6621.37 0 0 0 6621.37 0 0 0 6621.37)
(6753.25 0 0 0 6753.25 0 0 0 6753.25)
)
;

boundaryField
{
    inlet
    {
        type            zeroGradient;
    }
    outlet
    {
        type            zeroGradient;
    }
    fixedWalls
    {
        type            zeroGradient;
    }
}


// ************************************************************************* //
