/*--------------------------------*- C++ -*----------------------------------*\
| =========                 |                                                 |
| \\      /  F ield         | OpenFOAM: The Open Source CFD Toolbox           |
|  \\    /   O peration     | Version:  2406                                  |
|   \\  /    A nd           | Website:  www.openfoam.com                      |
|    \\/     M anipulation  |                                                 |
\*---------------------------------------------------------------------------*/
FoamFile
{
    version     2.0;
    format      ascii;
    arch        "LSB;label=32;scalar=64";
    class       volScalarField;
    location    "30/fluidRegion";
    object      p_rgh;
}
// * * * * * * * * * * * * * * * * * * * * * * * * * * * * * * * * * * * * * //

dimensions      [1 -1 -2 0 0 0 0];

internalField   nonuniform List<scalar> 
75
(
7.20952e+06
7.2095e+06
7.20948e+06
7.20946e+06
7.20944e+06
7.20941e+06
7.20939e+06
7.20937e+06
7.20934e+06
7.20932e+06
7.20929e+06
7.20927e+06
7.20924e+06
7.20922e+06
7.20919e+06
7.20917e+06
7.20914e+06
7.20912e+06
7.2091e+06
7.20907e+06
7.20905e+06
7.20902e+06
7.20899e+06
7.20896e+06
7.20893e+06
7.20889e+06
7.20885e+06
7.20881e+06
7.20876e+06
7.20871e+06
7.20866e+06
7.2086e+06
7.20853e+06
7.20846e+06
7.20838e+06
7.2083e+06
7.20821e+06
7.20811e+06
7.20801e+06
7.2079e+06
7.20778e+06
7.20765e+06
7.20752e+06
7.20738e+06
7.20724e+06
7.20709e+06
7.20694e+06
7.20678e+06
7.20661e+06
7.20644e+06
7.20626e+06
7.20607e+06
7.20588e+06
7.20568e+06
7.20548e+06
7.20527e+06
7.20506e+06
7.20484e+06
7.20461e+06
7.20438e+06
7.20414e+06
7.20389e+06
7.20364e+06
7.20339e+06
7.20312e+06
7.20286e+06
7.20258e+06
7.2023e+06
7.20201e+06
7.20172e+06
7.20142e+06
7.20112e+06
7.20081e+06
7.20049e+06
7.20017e+06
)
;

boundaryField
{
    inlet
    {
        type            fixedFluxPressure;
        gradient        uniform 1068.01;
        value           uniform 7.20953e+06;
    }
    outlet
    {
        type            fixedValue;
        value           uniform 7.2e+06;
    }
    fixedWalls
    {
        type            fixedFluxPressure;
        gradient        nonuniform List<scalar> 
300
(
0
0
0
0
0
0
0
0
0
0
0
0
0
0
2.17218e-17
-3.7387e-20
-2.17218e-17
0
0
0
0
5.15794e-17
-9.84086e-19
-4.37466e-17
0
0
0
0
0
0
0
0
0
0
0
0
0
0
0
0
0
0
0
0
0
-1.69777e-16
7.79353e-18
1.55662e-16
0
0
0
0
-1.70669e-16
6.58287e-18
1.64028e-16
0
0
0
0
0
-1.71889e-16
5.77892e-18
1.67365e-16
0
0
0
0
-3.39661e-16
5.31064e-18
3.32862e-16
0
0
0
0
0
0
0
0
0
0
0
0
0
0
0
0
0
0
0
-2.17218e-17
3.7387e-20
2.17218e-17
0
0
0
0
-5.15794e-17
9.84086e-19
4.37466e-17
0
0
0
0
0
0
0
0
0
0
0
0
0
0
0
0
0
0
0
0
0
1.69777e-16
-7.79353e-18
-1.55662e-16
0
0
0
0
1.70669e-16
-6.58287e-18
-1.64028e-16
0
0
0
0
0
1.71889e-16
-5.77892e-18
-1.67365e-16
0
0
0
0
3.39661e-16
-5.31064e-18
-3.32862e-16
0
0
0
0
0
0
0
0
0
0
0
0
0
0
0
0
0
0
0
2.17218e-17
-3.7387e-20
-2.17218e-17
0
0
0
0
5.15794e-17
-9.84086e-19
-4.37466e-17
0
0
0
0
0
0
0
0
0
0
0
0
0
0
0
0
0
0
0
0
0
-1.69777e-16
7.79353e-18
1.55662e-16
0
0
0
0
-1.70669e-16
6.58287e-18
1.64028e-16
0
0
0
0
0
-1.71889e-16
5.77892e-18
1.67365e-16
0
0
0
0
-3.39661e-16
5.31064e-18
3.32862e-16
0
0
0
0
0
0
0
0
0
0
0
0
0
0
0
0
0
0
0
-2.17218e-17
3.7387e-20
2.17218e-17
0
0
0
0
-5.15794e-17
9.84086e-19
4.37466e-17
0
0
0
0
0
0
0
0
0
0
0
0
0
0
0
0
0
0
0
0
0
1.69777e-16
-7.79353e-18
-1.55662e-16
0
0
0
0
1.70669e-16
-6.58287e-18
-1.64028e-16
0
0
0
0
0
1.71889e-16
-5.77892e-18
-1.67365e-16
0
0
0
0
3.39661e-16
-5.31064e-18
-3.32862e-16
0
0
0
0
0
)
;
        value           nonuniform List<scalar> 
300
(
7.20952e+06
7.2095e+06
7.20948e+06
7.20946e+06
7.20944e+06
7.20941e+06
7.20939e+06
7.20937e+06
7.20934e+06
7.20932e+06
7.20929e+06
7.20927e+06
7.20924e+06
7.20922e+06
7.20919e+06
7.20917e+06
7.20914e+06
7.20912e+06
7.2091e+06
7.20907e+06
7.20905e+06
7.20902e+06
7.20899e+06
7.20896e+06
7.20893e+06
7.20889e+06
7.20885e+06
7.20881e+06
7.20876e+06
7.20871e+06
7.20866e+06
7.2086e+06
7.20853e+06
7.20846e+06
7.20838e+06
7.2083e+06
7.20821e+06
7.20811e+06
7.20801e+06
7.2079e+06
7.20778e+06
7.20765e+06
7.20752e+06
7.20738e+06
7.20724e+06
7.20709e+06
7.20694e+06
7.20678e+06
7.20661e+06
7.20644e+06
7.20626e+06
7.20607e+06
7.20588e+06
7.20568e+06
7.20548e+06
7.20527e+06
7.20506e+06
7.20484e+06
7.20461e+06
7.20438e+06
7.20414e+06
7.20389e+06
7.20364e+06
7.20339e+06
7.20312e+06
7.20286e+06
7.20258e+06
7.2023e+06
7.20201e+06
7.20172e+06
7.20142e+06
7.20112e+06
7.20081e+06
7.20049e+06
7.20017e+06
7.20952e+06
7.2095e+06
7.20948e+06
7.20946e+06
7.20944e+06
7.20941e+06
7.20939e+06
7.20937e+06
7.20934e+06
7.20932e+06
7.20929e+06
7.20927e+06
7.20924e+06
7.20922e+06
7.20919e+06
7.20917e+06
7.20914e+06
7.20912e+06
7.2091e+06
7.20907e+06
7.20905e+06
7.20902e+06
7.20899e+06
7.20896e+06
7.20893e+06
7.20889e+06
7.20885e+06
7.20881e+06
7.20876e+06
7.20871e+06
7.20866e+06
7.2086e+06
7.20853e+06
7.20846e+06
7.20838e+06
7.2083e+06
7.20821e+06
7.20811e+06
7.20801e+06
7.2079e+06
7.20778e+06
7.20765e+06
7.20752e+06
7.20738e+06
7.20724e+06
7.20709e+06
7.20694e+06
7.20678e+06
7.20661e+06
7.20644e+06
7.20626e+06
7.20607e+06
7.20588e+06
7.20568e+06
7.20548e+06
7.20527e+06
7.20506e+06
7.20484e+06
7.20461e+06
7.20438e+06
7.20414e+06
7.20389e+06
7.20364e+06
7.20339e+06
7.20312e+06
7.20286e+06
7.20258e+06
7.2023e+06
7.20201e+06
7.20172e+06
7.20142e+06
7.20112e+06
7.20081e+06
7.20049e+06
7.20017e+06
7.20952e+06
7.2095e+06
7.20948e+06
7.20946e+06
7.20944e+06
7.20941e+06
7.20939e+06
7.20937e+06
7.20934e+06
7.20932e+06
7.20929e+06
7.20927e+06
7.20924e+06
7.20922e+06
7.20919e+06
7.20917e+06
7.20914e+06
7.20912e+06
7.2091e+06
7.20907e+06
7.20905e+06
7.20902e+06
7.20899e+06
7.20896e+06
7.20893e+06
7.20889e+06
7.20885e+06
7.20881e+06
7.20876e+06
7.20871e+06
7.20866e+06
7.2086e+06
7.20853e+06
7.20846e+06
7.20838e+06
7.2083e+06
7.20821e+06
7.20811e+06
7.20801e+06
7.2079e+06
7.20778e+06
7.20765e+06
7.20752e+06
7.20738e+06
7.20724e+06
7.20709e+06
7.20694e+06
7.20678e+06
7.20661e+06
7.20644e+06
7.20626e+06
7.20607e+06
7.20588e+06
7.20568e+06
7.20548e+06
7.20527e+06
7.20506e+06
7.20484e+06
7.20461e+06
7.20438e+06
7.20414e+06
7.20389e+06
7.20364e+06
7.20339e+06
7.20312e+06
7.20286e+06
7.20258e+06
7.2023e+06
7.20201e+06
7.20172e+06
7.20142e+06
7.20112e+06
7.20081e+06
7.20049e+06
7.20017e+06
7.20952e+06
7.2095e+06
7.20948e+06
7.20946e+06
7.20944e+06
7.20941e+06
7.20939e+06
7.20937e+06
7.20934e+06
7.20932e+06
7.20929e+06
7.20927e+06
7.20924e+06
7.20922e+06
7.20919e+06
7.20917e+06
7.20914e+06
7.20912e+06
7.2091e+06
7.20907e+06
7.20905e+06
7.20902e+06
7.20899e+06
7.20896e+06
7.20893e+06
7.20889e+06
7.20885e+06
7.20881e+06
7.20876e+06
7.20871e+06
7.20866e+06
7.2086e+06
7.20853e+06
7.20846e+06
7.20838e+06
7.2083e+06
7.20821e+06
7.20811e+06
7.20801e+06
7.2079e+06
7.20778e+06
7.20765e+06
7.20752e+06
7.20738e+06
7.20724e+06
7.20709e+06
7.20694e+06
7.20678e+06
7.20661e+06
7.20644e+06
7.20626e+06
7.20607e+06
7.20588e+06
7.20568e+06
7.20548e+06
7.20527e+06
7.20506e+06
7.20484e+06
7.20461e+06
7.20438e+06
7.20414e+06
7.20389e+06
7.20364e+06
7.20339e+06
7.20312e+06
7.20286e+06
7.20258e+06
7.2023e+06
7.20201e+06
7.20172e+06
7.20142e+06
7.20112e+06
7.20081e+06
7.20049e+06
7.20017e+06
)
;
    }
}


// ************************************************************************* //
