1.222917675971984863e+00
1.155294656753540039e+00
1.117330431938171387e+00
1.127681851387023926e+00
1.128507256507873535e+00
1.127080082893371582e+00
1.127524614334106445e+00
1.127496004104614258e+00
1.127487301826477051e+00
1.127491950988769531e+00
1.127482533454895020e+00
1.127481460571289062e+00
1.127488970756530762e+00
1.127489924430847168e+00
1.127485275268554688e+00
1.127492427825927734e+00
1.127486348152160645e+00
1.127486228942871094e+00
1.127485156059265137e+00
1.127490520477294922e+00
1.127483487129211426e+00
1.127481222152709961e+00
1.127486228942871094e+00
1.127484917640686035e+00
1.127484560012817383e+00
1.127487897872924805e+00
1.127486228942871094e+00
1.127488970756530762e+00
1.127482175827026367e+00
1.127487301826477051e+00
1.127487659454345703e+00
1.127488613128662109e+00
1.127492189407348633e+00
1.127485632896423340e+00
1.127481818199157715e+00
1.127487421035766602e+00
1.127486824989318848e+00
1.127485752105712891e+00
1.127488374710083008e+00
1.127484917640686035e+00
1.127485871315002441e+00
1.127484798431396484e+00
1.127491712570190430e+00
1.127480268478393555e+00
1.127482771873474121e+00
1.127485275268554688e+00
1.127487659454345703e+00
1.127480506896972656e+00
1.127491354942321777e+00
1.127484440803527832e+00
1.127484798431396484e+00
1.127486228942871094e+00
1.127488851547241211e+00
1.127486109733581543e+00
1.127484679222106934e+00
1.127492189407348633e+00
1.127483725547790527e+00
1.127481341361999512e+00
1.127490639686584473e+00
1.127488017082214355e+00
1.127482414245605469e+00
1.127488374710083008e+00
1.127487897872924805e+00
1.127486348152160645e+00
1.127485275268554688e+00
1.127484679222106934e+00
1.127485990524291992e+00
1.127489328384399414e+00
1.127491235733032227e+00
1.127487063407897949e+00
1.127486228942871094e+00
1.127483129501342773e+00
1.127484679222106934e+00
1.127489924430847168e+00
1.127481818199157715e+00
1.127487301826477051e+00
1.127486348152160645e+00
1.127484917640686035e+00
1.127482056617736816e+00
1.127487301826477051e+00
1.127486109733581543e+00
1.127486109733581543e+00
