1.215998172760009766e+00
1.166604518890380859e+00
1.080534219741821289e+00
1.015973925590515137e+00
1.006677389144897461e+00
1.032683372497558594e+00
1.042116403579711914e+00
1.030909895896911621e+00
1.026202559471130371e+00
1.028119444847106934e+00
1.030374884605407715e+00
1.030456900596618652e+00
1.029646515846252441e+00
1.029391288757324219e+00
1.029518723487854004e+00
1.029589891433715820e+00
1.029643654823303223e+00
1.029658317565917969e+00
1.029673576354980469e+00
1.029673814773559570e+00
1.029678821563720703e+00
1.029683113098144531e+00
1.029691576957702637e+00
1.029684066772460938e+00
1.029692888259887695e+00
1.029683589935302734e+00
1.029690623283386230e+00
1.029687762260437012e+00
1.029685258865356445e+00
1.029688358306884766e+00
1.029693961143493652e+00
1.029691338539123535e+00
1.029689311981201172e+00
1.029688596725463867e+00
1.029692649841308594e+00
1.029690027236938477e+00
1.029691576957702637e+00
1.029687881469726562e+00
1.029687881469726562e+00
