1.215998172760009766e+00
1.129712224006652832e+00
1.018667936325073242e+00
1.013404607772827148e+00
1.043193459510803223e+00
1.029182195663452148e+00
1.026999831199645996e+00
1.030556917190551758e+00
1.029894709587097168e+00
1.029440760612487793e+00
1.029521226882934570e+00
1.029585957527160645e+00
1.029626250267028809e+00
1.029643774032592773e+00
1.029653549194335938e+00
1.029664278030395508e+00
1.029675364494323730e+00
1.029675960540771484e+00
1.029679298400878906e+00
1.029683113098144531e+00
1.029683470726013184e+00
1.029684424400329590e+00
1.029684066772460938e+00
