2.822125976562500000e+03
5.626364746093750000e+03
5.347235351562500000e+03
4.389585449218750000e+03
3.630485839843750000e+03
3.016718750000000000e+03
2.511106689453125000e+03
2.092098876953125000e+03
1.743331542968750000e+03
1.452836547851562500e+03
1.210775512695312500e+03
1.009030517578125000e+03
8.408822631835937500e+02
7.007236328125000000e+02
5.839041748046875000e+02
4.865330810546875000e+02
4.053737182617187500e+02
3.377284545898437500e+02
2.813485107421875000e+02
2.343585052490234375e+02
1.951931152343750000e+02
1.625470275878906250e+02
1.353353576660156250e+02
1.126506042480468750e+02
9.373512268066406250e+01
7.795870971679687500e+01
6.479503631591796875e+01
5.380449676513671875e+01
4.461963653564453125e+01
3.693350219726562500e+01
3.048894882202148438e+01
2.507010459899902344e+01
2.049525260925292969e+01
1.661118316650390625e+01
1.328732967376708984e+01
1.041211128234863281e+01
7.888638496398925781e+00
5.631886482238769531e+00
3.563810586929321289e+00
1.597718954086303711e+00
