2.822027587890625000e+03
5.626199218750000000e+03
5.347142578125000000e+03
4.389520507812500000e+03
3.630436767578125000e+03
3.016693359375000000e+03
2.511096191406250000e+03
2.092092529296875000e+03
1.743318847656250000e+03
1.452819702148437500e+03
1.210771484375000000e+03
1.009040710449218750e+03
8.408990478515625000e+02
7.007458496093750000e+02
5.839269409179687500e+02
4.865556945800781250e+02
4.053968505859375000e+02
3.377516784667968750e+02
2.813719482421875000e+02
2.343809814453125000e+02
1.952153930664062500e+02
1.625709075927734375e+02
1.353609161376953125e+02
1.126765747070312500e+02
9.376044464111328125e+01
7.798400878906250000e+01
6.481962585449218750e+01
5.382837677001953125e+01
4.464300537109375000e+01
3.695582962036132812e+01
3.050978469848632812e+01
2.508940887451171875e+01
2.051282119750976562e+01
1.662675857543945312e+01
1.330079841613769531e+01
1.042329978942871094e+01
7.897547245025634766e+00
5.638482093811035156e+00
3.568092823028564453e+00
1.599668979644775391e+00
