1.082007910156250000e+04
8.709494140625000000e+03
5.378078125000000000e+03
3.721965820312500000e+03
2.705068359375000000e+03
2.012395507812500000e+03
1.516511230468750000e+03
1.152064941406250000e+03
8.796633300781250000e+02
6.740634765625000000e+02
5.178195800781250000e+02
3.985164184570312500e+02
3.071068725585937500e+02
2.368996887207031250e+02
1.828792572021484375e+02
1.412550964355468750e+02
1.091485748291015625e+02
8.436544036865234375e+01
6.522438812255859375e+01
5.043427276611328125e+01
3.900316619873046875e+01
3.016536331176757812e+01
2.333183479309082031e+01
1.804775619506835938e+01
1.396145439147949219e+01
1.080130577087402344e+01
8.357805252075195312e+00
6.468729496002197266e+00
5.008710861206054688e+00
3.880959510803222656e+00
3.010704517364501953e+00
2.340240955352783203e+00
1.825111865997314453e+00
1.431125879287719727e+00
1.132166624069213867e+00
9.083862304687500000e-01
7.449426651000976562e-01
6.309808492660522461e-01
5.589467287063598633e-01
5.240517854690551758e-01
