4.807292291218132973e+08
9.584167160240612030e+08
9.108797308065448999e+08
7.477498869925574064e+08
6.184408246546745300e+08
5.138903245921926498e+08
4.277624150541205406e+08
3.563856119536175132e+08
2.969724071243907809e+08
2.474862040554472804e+08
2.062535620926844478e+08
1.718889513937590420e+08
1.432462080730785728e+08
1.193712682110325545e+08
9.947129835848844051e+07
8.288421593891763687e+07
6.905889804438793659e+07
5.753561897150199115e+07
4.793139526891545206e+07
3.992653686820941418e+07
3.325472288939306140e+07
2.769377146419900283e+07
2.305857998955132067e+07
1.919432791211139783e+07
1.597198640716757439e+07
1.328448828419023938e+07
1.104195044113161415e+07
9.169603507977075875e+06
7.604885809698438272e+06
6.295384056905221194e+06
5.197307546429387294e+06
4.273952614468005486e+06
3.494336045369175728e+06
2.832349643590839580e+06
2.265776067084399983e+06
1.775597408820173005e+06
1.345338300499070901e+06
9.605090899912172463e+05
6.078206037424724782e+05
2.725018134955658461e+05
