1.843188318870815039e+09
1.483652541962988138e+09
9.161495664614105225e+08
6.340326959574406147e+08
4.608053559448593259e+08
3.428093138813060522e+08
2.583359843490199149e+08
1.962529684532477558e+08
1.498496599997002482e+08
1.148259559394567013e+08
8.820998370933932066e+07
6.788682416121700406e+07
5.231531071369021386e+07
4.035559582286942005e+07
3.115327600424792618e+07
2.406264698133054376e+07
1.859333709652316943e+07
1.437155798439928330e+07
1.111090123875671066e+07
8.591421704100148752e+06
6.644145542900457047e+06
5.138635750150410458e+06
3.974551844287195243e+06
3.074414991640361492e+06
2.378318070253903512e+06
1.839990303079383215e+06
1.423742734911946580e+06
1.101940802192891482e+06
8.532282680487277685e+05
6.611170925072149839e+05
5.128701320840159897e+05
3.986574175438713864e+05
3.109057559064396773e+05
2.437906857035761932e+05
1.928633124501305574e+05
1.547425738118043519e+05
1.269001460758923058e+05
1.074868787817298871e+05
9.521594727286606212e+04
8.927163289596216055e+04
