4.807459895215300322e+08
9.584449134211033583e+08
9.108955346573944092e+08
7.477609496881520748e+08
6.184491840599923134e+08
5.138946498566356897e+08
4.277642033846114278e+08
3.563866932697283030e+08
2.969745697566123009e+08
2.474890737020489275e+08
2.062542483125239611e+08
1.718872150496196747e+08
1.432433488237472475e+08
1.193674836046448946e+08
9.946742017666812241e+07
8.288036375027306378e+07
6.905495747894585133e+07
5.753166281015445292e+07
4.792740271712187678e+07
3.992270807342300564e+07
3.325092788573510945e+07
2.768970353219578415e+07
2.305422613261497393e+07
1.918990387360055372e+07
1.596767283965362050e+07
1.328017861565264687e+07
1.103776164086120948e+07
9.165535575973859057e+06
7.600904954833948985e+06
6.291580605465153232e+06
5.193758178282172419e+06
4.270664152822273783e+06
3.491343256097480189e+06
2.829696390177240130e+06
2.263481681953352876e+06
1.773691459209081251e+06
1.343820705179260811e+06
9.593855349698816426e+05
6.070911296339484397e+05
2.721696288324837224e+05
