1.920468429243871806e-07
1.920487752103395947e-07
5.931526614977432467e-07
5.655003750461006651e-05
1.041878550740695848e-04
1.198985047519564415e-04
1.199850037214287885e-04
1.222104934463783866e-04
1.181370109220827478e-04
1.170504217585836094e-04
1.175361249192714678e-04
1.164002959056939333e-04
1.124329610303693354e-04
1.062507167053379210e-04
9.502272525345458137e-05
8.361461345626963130e-05
7.678703907014407422e-05
7.102021149179484224e-05
6.571219676274812731e-05
6.215113536223381373e-05
6.091522163445974947e-05
5.909751687946442766e-05
5.743935762847853145e-05
5.615234566904180508e-05
5.531675419620120908e-05
5.454431011622159353e-05
5.379304863901462121e-05
5.306222458395885302e-05
5.204408258534009489e-05
5.078300753124138250e-05
4.955721401350103307e-05
4.828529010464542776e-05
4.702875989924633555e-05
4.586576905263831946e-05
4.484482110448417586e-05
4.401908057385206074e-05
4.335175768897267203e-05
4.286006183767348372e-05
4.255156453652340394e-05
4.241961884160475911e-05
