0.000000000000000000e+00
5.265787842843426417e-04
3.746849071384504223e-04
2.455656579048290833e-04
1.190653733372247410e-04
-2.386851532836691324e-07
-4.952132959242530105e-07
-7.441539532935974443e-07
-9.806157368832456104e-07
-1.202895379934761444e-06
-1.409123956282973020e-06
-1.597699729855673467e-06
-1.767204942066564854e-06
-1.916823198666157626e-06
-2.046016938548665813e-06
-2.154577937839356282e-06
-2.242433417388989191e-06
-2.309719234441808348e-06
-2.356935920580746227e-06
-2.384159940503493248e-06
-2.392063322102860796e-06
-2.381211736290342959e-06
-2.352264289672002339e-06
-2.305973678488942195e-06
-2.243150986708758891e-06
-2.164661620896190831e-06
-2.071423797462952645e-06
-1.964401923469079728e-06
-1.844589419152103757e-06
-1.713030039577367902e-06
-1.570792489246763807e-06
-1.418977862929603881e-06
-1.258713245915260384e-06
-1.091147927694816598e-06
-9.181764870313999304e-07
-7.396137503973232381e-07
-5.572996597448763017e-07
-3.724435881620468896e-07
-1.862684498340210636e-07
0.000000000000000000e+00
