4.498669586610049009e-04
3.297918883617967367e-04
-3.926585195586085320e-04
-2.113516529789194465e-04
-1.412211859133094549e-04
1.780460443114861846e-04
6.611324497498571873e-04
8.752340800128877163e-04
1.470459828851744533e-04
-4.957334022037684917e-04
-5.847541615366935730e-04
-6.351231131702661514e-04
-6.024370668455958366e-04
-5.400187801569700241e-04
-2.195027045672759414e-04
1.881649950519204140e-05
1.505565887782722712e-05
1.174617354990914464e-04
8.676800644025206566e-05
-7.551833405159413815e-04
-1.234973780810832977e-03
-4.035932943224906921e-04
-3.832693037111312151e-04
-7.922073127701878548e-04
-4.638133686967194080e-04
-2.934975491371005774e-04
-2.236331492895260453e-04
-8.504125435138121247e-05
1.879880146589130163e-04
5.264408537186682224e-04
6.751769687980413437e-04
7.602263940498232841e-04
1.245990977622568607e-03
1.307774917222559452e-03
1.878589158877730370e-03
2.150166314095258713e-03
2.264221664518117905e-03
2.131168032065033913e-03
1.957852859050035477e-03
1.639493741095066071e-03
