-6.137278833459908645e-04
1.345516235336368120e-04
3.086904533783087733e-04
6.559458011766548943e-05
-1.985562792496816612e-04
-4.185467656018069410e-04
8.854366519070198190e-05
1.313894476473455655e-03
1.533424880888998058e-03
1.475955552191560638e-03
9.901139479717307752e-04
1.087418991120475556e-03
1.222280686330064680e-03
5.152853605243298829e-04
-4.171803199299473487e-04
-8.101653936493103661e-04
-1.195261480237891968e-03
-1.148482095517070097e-03
-1.251579387902959379e-03
-3.176744055125701864e-04
6.455159139169043287e-04
7.587628573953087872e-04
6.131194816098180754e-04
4.227354747565898190e-04
2.254157948005075767e-04
2.560489127559712678e-04
-2.282116105036025337e-05
3.169720237677897657e-04
2.189640998873946197e-04
-1.056634633428301219e-03
-1.639212237364947710e-03
-1.670767858421307863e-03
-9.666697495508082185e-04
-4.997828443545329537e-04
-4.211704706436030909e-04
-1.509165060828247253e-04
-2.720413938244386565e-04
-1.001302827219805814e-03
-7.571200475576209425e-04
-1.262476767857193850e-03
