2.093102047714554604e-14
8.549171068750476173e-06
-1.336504559981615105e-07
-1.313224639177462769e-07
-1.272282895020644550e-07
-1.227897221996139818e-07
-1.182615920894557909e-07
-1.131799137648806250e-07
-1.081077194282884495e-07
-1.027204716953950549e-07
-9.703582709948569117e-08
-9.126702729141136023e-08
-8.563548389565587168e-08
-8.027531429515639605e-08
-7.558130344729585913e-08
-7.144231080079703011e-08
-6.747815812358398093e-08
-6.375913582261433277e-08
-6.029046629340980636e-08
-5.694008247970655352e-08
-5.356263369878823860e-08
-5.029116061777369440e-08
-4.709483902885313591e-08
-4.394822990590271091e-08
-4.082469604411667112e-08
-3.773485420112160058e-08
-3.468024626375454792e-08
-3.166055054616734424e-08
-2.870324422732624316e-08
-2.582273919980046941e-08
-2.300767509825666122e-08
-2.026352910640108335e-08
-1.758842332922029345e-08
-1.497460288576890770e-08
-1.241262987699135537e-08
-9.889356473132681926e-09
-7.396922775442246932e-09
-4.925015488085417253e-09
-2.462671374197120052e-09
0.000000000000000000e+00
