1.216331522502001918e-02
1.124488167026740752e-02
7.769255617172416556e-03
5.015465903439173499e-03
2.787171857678807062e-03
9.879951776996390503e-04
-2.319992931369341455e-04
-1.242967633145910253e-03
-2.083626053351347093e-03
-2.811002396318120194e-03
-3.416833077536532513e-03
-3.895791517515230333e-03
-4.275549743024438000e-03
-4.531048595882257793e-03
-4.691845446368626132e-03
-4.768509582976624209e-03
-4.793523053859295550e-03
-4.763885694069105829e-03
-4.698439474461085438e-03
-4.600163440875600779e-03
-4.472387671288660486e-03
-4.329878081412559532e-03
-4.169748450096674372e-03
-3.991984886552652975e-03
-3.800442658127125509e-03
-3.597493940447007814e-03
-3.384294191296204936e-03
-3.162465562674183009e-03
-2.933544419107494538e-03
-2.698653020911867800e-03
-2.457452727948557930e-03
-2.211074121949351164e-03
-1.960320335337146710e-03
-1.705964586029139196e-03
-1.448450329138964779e-03
-1.188314454927709646e-03
-9.259591080364014013e-04
-6.619724039088850003e-04
-3.965967916283823485e-04
-1.304459124799692445e-04
