6.058268207243244204e-07
6.058332863087727596e-07
5.861894327974008717e-04
4.346377759831964610e-04
5.431381470529651583e-04
5.993779873627553623e-04
6.407824707585600688e-04
6.574857106111757759e-04
6.413056375141040072e-04
6.206140305767840698e-04
5.951226214538761104e-04
5.687749692699662360e-04
5.424450122318931391e-04
5.134826439058299153e-04
4.732706926225103711e-04
4.285237904818896249e-04
3.861914858879497508e-04
3.444715535199924304e-04
3.045526329009660450e-04
2.664698709507492104e-04
2.304065019156287719e-04
1.963402172766845260e-04
1.638256000993411614e-04
1.333077173341438700e-04
1.045452460562885943e-04
7.790304894922323107e-05
5.393670365496819563e-05
3.226730070137703480e-05
1.274261522867044389e-05
-4.571604626814793219e-06
-1.972605661586935541e-05
-3.294241248775920408e-05
-4.418492129764788778e-05
-5.373594412832474135e-05
-6.166853049937498553e-05
-6.808080188934016589e-05
-7.313033302390920280e-05
-7.682425849420827888e-05
-7.922201262325989461e-05
-8.032477954239756438e-05
