4.498669561737211387e-04
3.297918891617566072e-04
-3.926585274373182608e-04
-2.113516527637015205e-04
-1.412211866822499489e-04
1.780460482172531434e-04
6.611324693633667884e-04
8.752340959343630090e-04
1.470459827569115473e-04
-4.957334157461251809e-04
-5.847541683326836675e-04
-6.351231062298052501e-04
-6.024370538698408176e-04
-5.400187891640681513e-04
-2.195027113775443008e-04
1.881649985585025778e-05
1.505565850578487285e-05
1.174617350295675177e-04
8.676800880875874225e-05
-7.551833572270358038e-04
-1.234973769320072811e-03
-4.035932943345820942e-04
-3.832693029441089729e-04
-7.922073340738342018e-04
-4.638133628021998351e-04
-2.934975615316760150e-04
-2.236331512414957185e-04
-8.504125704709681146e-05
1.879880104605178854e-04
5.264408531355937266e-04
6.751769807576703773e-04
7.602264136829401395e-04
1.245990977545250681e-03
1.307774974594472011e-03
1.878589216789841457e-03
2.150166335957804774e-03
2.264221758003745130e-03
2.131167976462806663e-03
1.957852971665414304e-03
1.639493795869395023e-03
