-6.417855023077637111e-04
-9.011362500292858764e-04
4.686403546387683426e-05
-1.436030115971419349e-04
-7.585149898237512379e-04
-6.478124885104043261e-04
-6.074926600823294569e-04
-4.803480087565095312e-04
-2.145883821568123659e-04
-1.172295118881904575e-04
-1.751066128127782041e-05
8.677263573635718191e-05
1.575263733100952209e-04
2.187313583915809830e-04
3.652564909402220700e-04
4.428406840391350767e-04
4.412960594144248075e-04
4.537901213121932863e-04
4.481873077578596258e-04
4.389476339609541780e-04
4.241552337836471251e-04
4.071353848508951138e-04
3.933173374533324371e-04
3.730458650424792340e-04
3.543401585192881083e-04
3.302457649150787123e-04
2.985379372457849204e-04
2.709312865531819246e-04
2.448014572489541434e-04
2.175475072471544998e-04
1.907049319970353560e-04
1.664889743813623884e-04
1.417201255122895452e-04
1.202571271109206770e-04
1.000105700402508283e-04
8.082447392364289424e-05
6.361603217604644986e-05
4.648950866362899391e-05
3.010728971103653103e-05
1.373002017750963566e-05
