-6.137278978712856770e-04
1.345516211586073041e-04
3.086904471274465322e-04
6.559457688126713037e-05
-1.985562848858535290e-04
-4.185467550996690989e-04
8.854366751620545983e-05
1.313894521445035934e-03
1.533424830995500088e-03
1.475955592468380928e-03
9.901139419525861740e-04
1.087418990209698677e-03
1.222280669026076794e-03
5.152853555046021938e-04
-4.171803302597254515e-04
-8.101653656922280788e-04
-1.195261487737298012e-03
-1.148482086136937141e-03
-1.251579378731548786e-03
-3.176743921358138323e-04
6.455159164033830166e-04
7.587628788314759731e-04
6.131194531917572021e-04
4.227354656904935837e-04
2.254157880088314414e-04
2.560489228926599026e-04
-2.282116111018694937e-05
3.169720293954014778e-04
2.189640945289283991e-04
-1.056634588167071342e-03
-1.639212248846888542e-03
-1.670767902396619320e-03
-9.666697587817907333e-04
-4.997828509658575058e-04
-4.211704654153436422e-04
-1.509165012976154685e-04
-2.720413904171437025e-04
-1.001302851364016533e-03
-7.571200258098542690e-04
-1.262476784177124500e-03
