-1.261803656378037220e-06
-2.655950831464649973e-03
-1.236365174927124382e-02
-1.770373323137732283e-02
-2.124247813266265383e-02
-2.301949127640645285e-02
-1.878324790445129802e-02
-1.576147420378005981e-02
-1.325471745237593452e-02
-1.117887473433538253e-02
-9.435893035154171993e-03
-7.950744568971506235e-03
-6.666181796988061674e-03
-5.545255277234165982e-03
-4.559202870667595359e-03
-3.686776736546907782e-03
-2.909668015003195971e-03
-2.214685209336837886e-03
-1.595520351995829847e-03
-1.035381054972418910e-03
-5.304877364885081511e-04
-7.389615519216448359e-05
3.396052883168748085e-04
7.141200841991106286e-04
1.053238351118595314e-03
1.360045202596166887e-03
1.637123654730339266e-03
1.886700831524668618e-03
2.110718960996626169e-03
2.310856809951186870e-03
2.488436063483380131e-03
2.644609540609037593e-03
2.780362361342027244e-03
2.896536335006896258e-03
2.983861333123157510e-03
3.062236432908110265e-03
3.122819368875714464e-03
3.165960193324177194e-03
3.191882734190965454e-03
3.200727427100923204e-03
