3.378852925489257935e-04
2.049265351826535608e-04
-2.092834192617891811e-04
-1.368347660880890821e-04
-2.079045376513679190e-04
-1.424115863395390171e-04
-7.367660263053159438e-05
-8.045807300103148367e-05
-2.819981390042411342e-05
-3.853542435223748834e-05
-4.364464840534884019e-05
-2.333100304808235272e-05
9.858077681091449422e-06
3.911866893155894223e-05
9.879663124930909810e-05
1.091321374411150056e-04
6.550090980858675155e-05
5.757011452111626297e-05
5.527900200834047858e-05
3.717012116266170933e-05
1.113466389670567733e-05
1.893498963932394540e-05
1.777566920735361647e-05
1.386422952089705247e-05
8.790206186297636707e-06
8.354001255163719586e-06
8.370333421255106139e-06
8.345615266828571317e-06
1.212025635295399191e-05
1.532901718102701238e-05
1.503469598168093312e-05
1.573576410601517988e-05
1.564364615132078561e-05
1.454872778888120198e-05
1.282487910145887599e-05
1.041483159199175926e-05
8.457429155276295055e-06
6.273375697176352450e-06
3.986561677371142606e-06
1.779155896880533888e-06
