-2.093102047714554288e-14
-3.761057929860616263e-05
7.748244570876755006e-07
4.947637324317417490e-07
2.448130679281866856e-07
2.001087948491946838e-07
1.484172727531246068e-07
8.902356645382997385e-08
2.074373127712445487e-08
-5.536923513298998597e-08
-1.389621826719795024e-07
-1.808552504975694349e-07
-1.528433600730215687e-07
-1.260174156521081198e-07
-1.013867573898305542e-07
-7.910177772927147951e-08
-5.890114766989973288e-08
-4.088021296924155149e-08
-2.495208714246646367e-08
-1.105303134575553512e-08
9.065228840070021599e-10
1.101775195584254472e-08
1.933782888641609712e-08
2.598353128170664342e-08
3.103945913578697987e-08
3.463250376665091044e-08
3.693120682479971654e-08
3.805173713408596513e-08
3.811228429154747183e-08
3.724055615755055001e-08
3.555858345514237148e-08
3.317120926480809244e-08
3.019390893394153465e-08
2.671511956847264266e-08
2.282572189265438907e-08
1.861115714009179239e-08
1.414496103862073962e-08
9.504570531041987497e-09
4.764737271495805040e-09
0.000000000000000000e+00
