1.297643747166961348e-04
-5.207067274084041254e-05
1.461037508303990144e-04
7.786547160628883892e-05
-1.331480199819385550e-03
-9.387698683366711185e-04
-1.468065587341745070e-03
-1.271975714362919355e-03
-1.204351574302516339e-03
-9.662442974699736757e-04
-3.226227617418402343e-04
6.048891389487087791e-06
4.863196115640383197e-04
9.407216449954108623e-04
2.205619102130405504e-03
2.897959096631454439e-03
2.981278923478915266e-03
3.325405975129810694e-03
3.471126949094838470e-03
3.978302818249389652e-03
4.596770940406141003e-03
4.712650368278512372e-03
5.705373605015055978e-03
6.576644081434947740e-03
7.749225932095436635e-03
8.573670141540729039e-03
9.149747092515024896e-03
1.012543485126268100e-02
1.137195351350920279e-02
1.276772451464645852e-02
1.347069985135546100e-02
1.452589650043656713e-02
1.472472626854065027e-02
1.543461534044185401e-02
1.620901794241464897e-02
1.675512806313275357e-02
1.776825515916505283e-02
1.778331488102934815e-02
1.844101308074595769e-02
1.850724446683396293e-02
