1.297643757425248623e-04
-5.207067442825064063e-05
1.461037463741376996e-04
7.786547212162986398e-05
-1.331480219960212708e-03
-9.387698955833911896e-04
-1.468065544031560421e-03
-1.271975692361593246e-03
-1.204351545311510563e-03
-9.662443189881742001e-04
-3.226227709092199802e-04
6.048891464160988107e-06
4.863196227233856916e-04
9.407216566614806652e-04
2.205619122833013535e-03
2.897959202527999878e-03
2.981278812512755394e-03
3.325405996292829514e-03
3.471127012744545937e-03
3.978302702307701111e-03
4.596770741045475006e-03
4.712650552392005920e-03
5.705373827368021011e-03
6.576644256711006165e-03
7.749225944280624390e-03
8.573669940233230591e-03
9.149746969342231750e-03
1.012543495744466782e-02
1.137195341289043427e-02
1.276772469282150269e-02
1.347070001065731049e-02
1.452589686959981918e-02
1.472472585737705231e-02
1.543461531400680542e-02
1.620901748538017273e-02
1.675512827932834625e-02
1.776825450360774994e-02
1.778331398963928223e-02
1.844101399183273315e-02
1.850724406540393829e-02
