7.348987773169558295e+02
7.349040513091799767e+02
5.524651266320811374e+02
4.320719402179836948e+02
3.733354078279294868e+02
3.384655911904461050e+02
3.154109038762169348e+02
2.992361272255697600e+02
2.873079461700923503e+02
2.782721393393959488e+02
2.712777595790989835e+02
2.657752406521064472e+02
2.613922372741729419e+02
2.578667801749005548e+02
2.550088494821106337e+02
2.526771994008350646e+02
2.507647072143835771e+02
2.491888081991600075e+02
2.478849832284548711e+02
2.468022617516801347e+02
2.459000156457529442e+02
2.451456220697629931e+02
2.445127042133981945e+02
2.439798509161526283e+02
2.435296111288677707e+02
2.431476984436825717e+02
2.428224005942715564e+02
2.425440925291237306e+02
2.423048575824704471e+02
2.420981830790898925e+02
2.419187114615535847e+02
2.417620417656475240e+02
2.416245710569850758e+02
2.415033621961554218e+02
2.413960407840670541e+02
2.413007102032541979e+02
2.412158856999236036e+02
2.411404426556856322e+02
2.410735852761423814e+02
2.410148811139926011e+02
