7.351226577970112430e+02
6.539982573456902628e+02
4.583991982556190123e+02
3.892276662572564874e+02
3.539735491019733900e+02
3.328170759293228116e+02
3.189551088067106548e+02
3.094618599409739659e+02
3.026674499138631518e+02
2.977122352579229982e+02
2.940368792720577176e+02
2.912762187469178343e+02
2.891821917657936183e+02
2.875810300640708306e+02
2.863482025933922159e+02
2.853929061270778220e+02
2.846480198026911239e+02
2.840634071213023617e+02
2.836013276753483865e+02
2.832331632270602881e+02
2.829371481880336887e+02
2.826966492602909398e+02
2.824989202247722346e+02
2.823341723670806118e+02
2.821948769429169488e+02
2.820752356295854497e+02
2.819707758329764715e+02
2.818780458467753078e+02
2.817943801132815338e+02
2.817177156203364348e+02
2.816464574912089915e+02
2.815793688811482411e+02
2.815154888966791873e+02
2.814540686069888693e+02
2.813945461534631249e+02
2.813364084138628982e+02
2.812793066961893373e+02
2.812229360346495923e+02
2.811670392717533673e+02
2.811113869367429174e+02
