7.348987682275455882e+02
7.349040422196164855e+02
5.524538751344133516e+02
4.320648894174559018e+02
3.733297450840624379e+02
3.384607735432507525e+02
3.154065882545924637e+02
2.992321754885269911e+02
2.873042651800365661e+02
2.782686593270562980e+02
2.712745056044554985e+02
2.657722372664666182e+02
2.613894714751631341e+02
2.578642455071344557e+02
2.550065291160522349e+02
2.526750773360844846e+02
2.507627740854906904e+02
2.491870534532803276e+02
2.478833979101772798e+02
2.468008396613710147e+02
2.458987528243762881e+02
2.451445142487581847e+02
2.445117537448605276e+02
2.439790559426074879e+02
2.435289644806028377e+02
2.431471954720178132e+02
2.428220335338080531e+02
2.425438544266199301e+02
2.423047423151896282e+02
2.420981824802739197e+02
2.419188161135765824e+02
2.417622424743872784e+02
2.416248576564855739e+02
2.415037242334781808e+02
2.413964674031826121e+02
2.413011901704447268e+02
2.412164080288847003e+02
2.411409962788288226e+02
2.410741592300574041e+02
2.410154643438717414e+02
