1.859079157755740425e+03
1.626928432096960023e+03
1.219371443752409505e+03
1.016762086753891253e+03
8.923489742199894863e+02
8.075982184937462307e+02
7.469188624031745576e+02
7.023190189627302971e+02
6.689797989817046755e+02
6.438131256801311793e+02
6.246845596029405669e+02
6.100750664583241587e+02
5.988779610011641807e+02
5.902744678538255130e+02
5.836510533534368506e+02
5.785439838399521477e+02
5.746012295453143679e+02
5.715542888354993920e+02
5.691975445887090927e+02
5.673730186790819516e+02
5.659593636151977307e+02
5.648629633757423107e+02
5.640117230031969484e+02
5.633499872380469924e+02
5.628347431848595761e+02
5.624327652590408206e+02
5.621184237965808279e+02
5.618718753118668019e+02
5.616777877437081088e+02
5.615243228516893623e+02
5.614023283124363388e+02
5.613047488636685785e+02
5.612261484872695974e+02
5.611623473701744160e+02
5.611101518504734713e+02
5.610671357294271502e+02
5.610314848616275185e+02
5.610018738557561164e+02
5.609773794543900749e+02
5.609574188316667005e+02
