8.864035225050945428e+02
1.243998944870080322e+03
1.215802599127013082e+03
1.098619005862738049e+03
1.005728585158179612e+03
9.306193348150491147e+02
8.687414558932860018e+02
8.174588519040948995e+02
7.747693985881353456e+02
7.392094456159333049e+02
7.095766173104395875e+02
6.848763323697210126e+02
6.642854613407303077e+02
6.471188994008740565e+02
6.328070458745471569e+02
6.208747891481820034e+02
6.109263338528139684e+02
6.026311178871427501e+02
5.957142265457686108e+02
5.899462032255585200e+02
5.851355506345620370e+02
5.811225098246960670e+02
5.777745073919637662e+02
5.749802613118561112e+02
5.726470124808827222e+02
5.706979114337832470e+02
5.690684047882734831e+02
5.677047830170183715e+02
5.665620995441921650e+02
5.656027238219088531e+02
5.647952160353164572e+02
5.641131961523698237e+02
5.635344084132455009e+02
5.630401117581350263e+02
5.626143362088521371e+02
5.622434294582226357e+02
5.619155517357277176e+02
5.616202965630130848e+02
5.613481163837922168e+02
5.610883999797057413e+02
