8.864205591575137078e+02
1.244027714385338186e+03
1.215811017579419286e+03
1.098626383750256537e+03
1.005737640033863045e+03
9.306254719339683561e+02
8.687465292020435754e+02
8.174627119233110761e+02
7.747720904961987571e+02
7.392115313066821045e+02
7.095766342494919172e+02
6.848743170752029528e+02
6.642825586018313970e+02
6.471152888147225894e+02
6.328031820808494103e+02
6.208708200216110527e+02
6.109222118504560513e+02
6.026269695236628650e+02
5.957100840143618825e+02
5.899420455082495209e+02
5.851313588897027103e+02
5.811183257080731437e+02
5.777701684738694894e+02
5.749759051007489461e+02
5.726428085393583842e+02
5.706938007895564624e+02
5.690644881764759475e+02
5.677010454071546519e+02
5.665585231793724006e+02
5.655993733041947280e+02
5.647921319778738507e+02
5.641103751769398968e+02
5.635318814360324495e+02
5.630378896079268998e+02
5.626124312456365715e+02
5.622418543541161853e+02
5.619143000747712904e+02
5.616193713974937509e+02
5.613475151518662187e+02
5.610881257792461838e+02
