5.431500000000000909e+02
5.566291078764013491e+02
5.615226815554037785e+02
5.615133594995886597e+02
5.615028458877009143e+02
5.614912009965487414e+02
5.614785235343665590e+02
5.614649439519597536e+02
5.614505741867710640e+02
5.614355311433171210e+02
5.614199155182076311e+02
5.614038148736826770e+02
5.613873044093070348e+02
5.613704481615147870e+02
5.613533003492229909e+02
5.613359067002813845e+02
5.613183056718291937e+02
5.613005295437180848e+02
5.612826053671230966e+02
5.612645557862692840e+02
5.612463997413851757e+02
5.612281530659595319e+02
5.612098289870277767e+02
5.611914385540317198e+02
5.611729909973041686e+02
5.611544940255307665e+02
5.611359540799464867e+02
5.611173765451269446e+02
5.610987659269002279e+02
5.610801260018340599e+02
5.610614599422542597e+02
5.610427704217630662e+02
5.610240597048291420e+02
5.610053297222777928e+02
5.609865821363414398e+02
5.609678183965158951e+02
5.609490397886322626e+02
5.609302474785084769e+02
5.609114425533366557e+02
5.608926260732330320e+02
