5.431500000000000909e+02
5.566296454249416001e+02
5.615226827409347834e+02
5.615133612994200121e+02
5.615028482025295489e+02
5.614912032393219761e+02
5.614785257108107999e+02
5.614649460744308271e+02
5.614505762683002104e+02
5.614355331966703488e+02
5.614199175676949380e+02
5.614038168131140765e+02
5.613873060536723187e+02
5.613704495276231228e+02
5.613533014540893191e+02
5.613359075612631841e+02
5.613183063073225867e+02
5.613005299720637140e+02
5.612826056066900264e+02
5.612645558556509968e+02
5.612463996594756281e+02
5.612281528515827631e+02
5.612098286602138160e+02
5.611914381345745824e+02
5.611729905038994275e+02
5.611544934766495771e+02
5.611359534929417805e+02
5.611173759366026843e+02
5.610987653128036072e+02
5.610801253969292475e+02
5.610614593599998443e+02
5.610427698744384770e+02
5.610240592033019311e+02
5.610053292760039767e+02
5.609865817532934216e+02
5.609678180831297141e+02
5.609490395498803537e+02
5.609302473178581749e+02
5.609114424727756614e+02
5.608926260732330320e+02
