5.431499999999999773e+02
5.614061932843997056e+02
5.613975808342206619e+02
5.613881705461055844e+02
5.613780084126957490e+02
5.613671301492258863e+02
5.613550816554304674e+02
5.613425800331154960e+02
5.613297112601194385e+02
5.613165555741247772e+02
5.613031743653040166e+02
5.612896159727492886e+02
5.612759183207111846e+02
5.612621109211999055e+02
5.612482168069957424e+02
5.612342538909841778e+02
5.612202359857460578e+02
5.612061739077407765e+02
5.611920759884120571e+02
5.611779486919914461e+02
5.611637970271456197e+02
5.611496248721974780e+02
5.611354352295121544e+02
5.611212304227652794e+02
5.611070122500600519e+02
5.610927821024807827e+02
5.610785410555904491e+02
5.610642899406888091e+02
5.610500294384440849e+02
5.610357599747729864e+02
5.610214819595080371e+02
5.610071956852600579e+02
5.609929013756319591e+02
5.609785992001883415e+02
5.609642892894937631e+02
5.609499717294387438e+02
5.609356465882779048e+02
5.609213139077105552e+02
5.609069737579137609e+02
5.608926260732330320e+02
