1.231535553932189941e+00
1.204033136367797852e+00
1.170395255088806152e+00
1.146176218986511230e+00
1.154725432395935059e+00
1.158283829689025879e+00
1.156167745590209961e+00
1.155593276023864746e+00
1.155966401100158691e+00
1.156020045280456543e+00
1.156008958816528320e+00
1.156007409095764160e+00
1.155987858772277832e+00
1.155983924865722656e+00
1.155985951423645020e+00
1.155981063842773438e+00
1.155986428260803223e+00
1.155976533889770508e+00
1.155973076820373535e+00
1.155976772308349609e+00
1.155980825424194336e+00
1.155983567237854004e+00
1.155974626541137695e+00
1.155979156494140625e+00
1.155969738960266113e+00
1.155969142913818359e+00
