1.240199804306030273e+00
1.225048422813415527e+00
1.213486075401306152e+00
1.213199853897094727e+00
1.214337229728698730e+00
1.214327573776245117e+00
1.214222311973571777e+00
1.214216947555541992e+00
1.214227795600891113e+00
1.214226245880126953e+00
1.214234471321105957e+00
1.214238166809082031e+00
1.214232087135314941e+00
1.214240670204162598e+00
1.214232563972473145e+00
1.214233994483947754e+00
1.214237213134765625e+00
1.214238643646240234e+00
1.214236021041870117e+00
1.214239001274108887e+00
1.214233994483947754e+00
1.214240789413452148e+00
1.214231252670288086e+00
1.214233756065368652e+00
1.214236378669738770e+00
1.214233517646789551e+00
1.214241147041320801e+00
1.214241385459899902e+00
1.214236378669738770e+00
1.214241147041320801e+00
1.214240431785583496e+00
1.214238166809082031e+00
1.214240074157714844e+00
1.214239358901977539e+00
1.214235782623291016e+00
1.214247822761535645e+00
1.214247465133666992e+00
1.214239358901977539e+00
1.214241385459899902e+00
1.214240312576293945e+00
1.214231133460998535e+00
1.214228749275207520e+00
1.214236378669738770e+00
1.214236021041870117e+00
1.214238405227661133e+00
1.214239716529846191e+00
1.214239835739135742e+00
1.214238286018371582e+00
1.214235067367553711e+00
1.214245557785034180e+00
1.214242696762084961e+00
1.214239954948425293e+00
1.214241743087768555e+00
1.214236855506896973e+00
1.214241266250610352e+00
1.214237093925476074e+00
1.214232802391052246e+00
1.214253306388854980e+00
1.214243054389953613e+00
1.214238643646240234e+00
1.214229226112365723e+00
1.214245438575744629e+00
1.214239358901977539e+00
1.214248299598693848e+00
1.214233756065368652e+00
1.214247465133666992e+00
1.214242339134216309e+00
1.214241981506347656e+00
1.214233279228210449e+00
1.214246273040771484e+00
1.214238524436950684e+00
1.214239358901977539e+00
1.214235186576843262e+00
1.214231491088867188e+00
1.214236974716186523e+00
1.214237570762634277e+00
1.214241147041320801e+00
1.214242577552795410e+00
1.214239001274108887e+00
1.214231371879577637e+00
1.214239478111267090e+00
1.214240670204162598e+00
1.214241504669189453e+00
1.214240670204162598e+00
1.214244604110717773e+00
1.214235067367553711e+00
1.214235305786132812e+00
1.214241147041320801e+00
1.214236140251159668e+00
1.214235782623291016e+00
1.214244604110717773e+00
1.214236140251159668e+00
1.214245200157165527e+00
1.214247465133666992e+00
1.214245676994323730e+00
1.214246034622192383e+00
1.214238047599792480e+00
1.214236974716186523e+00
1.214233994483947754e+00
1.214238405227661133e+00
1.214242696762084961e+00
1.214237689971923828e+00
1.214241504669189453e+00
1.214238405227661133e+00
1.214240550994873047e+00
1.214235782623291016e+00
1.214240789413452148e+00
1.214240908622741699e+00
1.214250087738037109e+00
1.214237570762634277e+00
1.214243769645690918e+00
1.214236855506896973e+00
1.214239716529846191e+00
1.214233875274658203e+00
1.214238882064819336e+00
1.214239478111267090e+00
1.214246511459350586e+00
1.214239597320556641e+00
1.214238524436950684e+00
1.214231133460998535e+00
1.214245080947875977e+00
1.214238405227661133e+00
1.214240789413452148e+00
1.214236259460449219e+00
1.214240312576293945e+00
1.214240789413452148e+00
1.214239835739135742e+00
1.214239835739135742e+00
