5.917293945312500000e+03
5.200780273437500000e+03
3.496904785156250000e+03
2.062852539062500000e+03
1.246614501953125000e+03
7.627204589843750000e+02
4.694495849609375000e+02
2.898782958984375000e+02
1.793051452636718750e+02
1.110212249755859375e+02
6.877673339843750000e+01
4.261912536621093750e+01
2.642189979553222656e+01
1.639245223999023438e+01
1.018899059295654297e+01
6.364390373229980469e+00
4.026551246643066406e+00
2.629414319992065430e+00
1.846917390823364258e+00
1.496362209320068359e+00
