2.186207275390625000e+03
4.563689453125000000e+03
4.315619140625000000e+03
2.926378417968750000e+03
1.964863525390625000e+03
1.317268554687500000e+03
8.820916137695312500e+02
5.902069091796875000e+02
3.946196289062500000e+02
2.637489318847656250e+02
1.761736145019531250e+02
1.176023788452148438e+02
7.842913055419921875e+01
5.221916961669921875e+01
3.465074157714843750e+01
2.282136917114257812e+01
1.477732086181640625e+01
9.186538696289062500e+00
5.123130798339843750e+00
1.906688332557678223e+00
