1.862089766075965166e+08
3.887096855761073232e+08
3.675804360592250228e+08
2.492526378950752318e+08
1.673561470383493900e+08
1.121976091868506670e+08
7.513165769920854270e+07
5.027054194824476540e+07
3.361150521959216148e+07
2.246466711571694165e+07
1.500548865194331110e+07
1.001671655651840754e+07
6.680157138399233110e+06
4.447738438655897975e+06
2.951357449225501157e+06
1.943797299541654065e+06
1.258650003435406135e+06
7.824582730365414172e+05
4.363597878958062502e+05
1.624011076679689868e+05
