5.040021878282753825e+08
4.429735383186557293e+08
2.978469007344264388e+08
1.757023062337840497e+08
1.061796899342052042e+08
6.496428664559263736e+07
3.998510469178543985e+07
2.469022101774750277e+07
1.527221502547560260e+07
9.456170472551273182e+06
5.858019632767101750e+06
3.630060062321852893e+06
2.250470472922303714e+06
1.396217911292097531e+06
8.678415502207429381e+05
5.420833749254827853e+05
3.429592405694831396e+05
2.239588876656711509e+05
1.573101512813060544e+05
1.274518106166243088e+05
