2.995892224207547572e-07
2.995945451920911054e-07
-4.960971117385128961e-04
-8.346128624583307295e-05
-9.131372342750080392e-05
-5.131563503218899638e-05
7.743904693274602136e-05
1.769098455161539679e-04
2.456242818588908871e-04
2.880220915924127734e-04
3.170397055168284149e-04
3.359714920410981453e-04
3.547466614389921955e-04
3.703493020498804019e-04
3.796290213649165433e-04
3.883416701495836674e-04
3.943320824325189863e-04
3.987397188949722026e-04
4.014430135338219836e-04
4.025304828641152930e-04
