4.180140608852131847e-04
-1.828449266503253605e-04
-4.941456272356052989e-05
-4.636683235312983025e-05
-1.159373250960408244e-04
3.612020886686899732e-05
-7.950955489041061175e-05
-1.730606945488224468e-05
-2.208101826338665686e-05
3.990614495013969398e-06
-4.087987796057192365e-06
-1.289765579174934000e-05
-9.890810770274995306e-06
-6.110136482572940863e-06
-6.393890732995321884e-06
-8.451541032232736780e-06
-6.084534802845846014e-06
-4.566597575081028681e-06
-2.725076110333996861e-06
-6.181992572796206321e-07
