0.000000000000000000e+00
-3.379890067200594242e-04
-2.932272055595149017e-04
7.219462060092584829e-04
5.679476955499115735e-04
1.328398944766439943e-03
-3.055326568419723210e-04
-3.579412315169258228e-04
-1.072242965497425008e-03
-3.985752446990652891e-04
3.882560746311010673e-04
-9.845640055158233137e-04
3.248478268275583670e-04
1.279924638046690344e-03
1.188715180477491586e-03
2.397531381814664250e-04
4.736951179800751423e-04
-1.369153284784435957e-03
-1.632961923789734210e-03
6.213991710597194674e-04
