9.565290477655584520e-04
6.702537843503151606e-04
-2.118479232749918124e-04
-3.821781927588292966e-04
3.581644863969718750e-05
-6.330572020650266241e-05
-2.891539515681346736e-04
-2.554612589445014333e-04
-1.912197086327851417e-04
-1.252294908256464871e-04
-8.870641228725369501e-05
-5.947734055193814402e-05
-5.765500675025333354e-05
-4.763195905325524687e-05
-2.879838253293514895e-05
-2.648909195527574727e-05
-1.818793957301444725e-05
-1.325153393280620759e-05
-8.038747591407509408e-06
-3.119397020371345104e-06
