2.758402610197663307e-03
4.172730841673910618e-04
-4.978258511982858181e-04
-1.560071134008467197e-03
1.292250235565006733e-03
4.818825109396129847e-04
-1.051732688210904598e-03
-1.509809168055653572e-03
-2.559695160016417503e-03
-1.932268380187451839e-03
-1.905432669445872307e-03
-6.422533188015222549e-04
-1.595326582901179790e-03
-3.352958941832184792e-03
-1.717373263090848923e-03
-4.036621190607547760e-03
-2.839518710970878601e-03
-6.332139950245618820e-03
-6.077450700104236603e-03
-6.420560646802186966e-03
