0.000000000000000000e+00
-3.379890113137662411e-04
-2.932272036559879780e-04
7.219461840577423573e-04
5.679476889781653881e-04
1.328398939222097397e-03
-3.055326524190604687e-04
-3.579412295948714018e-04
-1.072242972441017628e-03
-3.985752409789711237e-04
3.882560704369097948e-04
-9.845639578998088837e-04
3.248478169552981853e-04
1.279924646951258183e-03
1.188715221360325813e-03
2.397531352471560240e-04
4.736951086670160294e-04
-1.369153265841305256e-03
-1.632961910218000412e-03
6.213991437107324600e-04
