2.695415302498524400e-07
2.695467572746249330e-07
3.129930344674785301e-04
2.663343687123934230e-04
2.845924305465580566e-04
2.234640041380287195e-04
2.696633770278255822e-04
2.786611305024980570e-04
2.895895268130636402e-04
2.874360723362423737e-04
2.885800210561455747e-04
2.933893426933270230e-04
2.964686039082620292e-04
2.976540062260689835e-04
2.989902039040381399e-04
3.014199283088033984e-04
3.029886015923695820e-04
3.041639594287106675e-04
3.048463091946183694e-04
3.049402067348265955e-04
