0.000000000000000000e+00
-1.053423410782297555e-05
2.789382745438097628e-06
1.727823783738356484e-06
7.913775016070707075e-07
-1.034472875338006219e-07
-1.442765906492797224e-07
-1.340679079938127059e-07
-1.234222427610879645e-07
-1.129280046297682999e-07
-1.023178352254138907e-07
-9.144274864299352917e-08
-8.039817457156490122e-08
-6.925130171310017292e-08
-5.798207767068335187e-08
-4.654829693018978750e-08
-3.500576458508344903e-08
-2.337755798953797580e-08
-1.169640442667926890e-08
0.000000000000000000e+00
