2.758402574439746714e-03
4.172730946523028287e-04
-4.978258587047541383e-04
-1.560071122562192497e-03
1.292250213936800346e-03
4.818825148192060833e-04
-1.051732726187799881e-03
-1.509809209747266625e-03
-2.559695224584596866e-03
-1.932268325661656936e-03
-1.905432683056898892e-03
-6.422533413003397341e-04
-1.595326549240904052e-03
-3.352958978988913007e-03
-1.717373211621406499e-03
-4.036621095755844879e-03
-2.839518665449184982e-03
-6.332140053648578626e-03
-6.077450545794819796e-03
-6.420560598087157560e-03
