-2.093102047714554288e-14
3.730734101517712268e-05
-6.198208175058345763e-08
-1.247085644996806855e-07
-1.668280054745601696e-07
-1.836742746400008586e-07
-1.959239930063971658e-07
-2.048150492161456991e-07
-2.022295132655582081e-07
-1.879814676107092669e-07
-1.722447201845878103e-07
-1.555155053450966070e-07
-1.377519718820973607e-07
-1.191567719209079872e-07
-1.000895450779211504e-07
-8.054071884528425019e-08
-6.067485670525383237e-08
-4.056924933041942730e-08
-2.031601331527047939e-08
0.000000000000000000e+00
