7.355878539259012996e+02
7.355984259610504523e+02
6.394506467685819189e+02
5.178311687882537626e+02
4.630153072197805386e+02
4.339675650844467327e+02
4.170491407546154505e+02
4.066470133049068068e+02
4.000371691016408704e+02
3.957397747415378149e+02
3.928984196454239850e+02
3.909923462401707184e+02
3.896951347161053150e+02
3.887979732744842067e+02
3.881656828823295200e+02
3.877102158687272322e+02
3.873742727869213240e+02
3.871210321681837740e+02
3.869276947468433150e+02
3.867816429429307163e+02
