7.356967385300965816e+02
7.357073142450343539e+02
6.478713292270585953e+02
5.536557190657254068e+02
5.105438941530034072e+02
4.880427667064097932e+02
4.753800558223889539e+02
4.679337742979996051e+02
4.634154702012444886e+02
4.606352178123260614e+02
4.588849665643825801e+02
4.577593642770351607e+02
4.570155539824274911e+02
4.565061953800891956e+02
4.561410646179340347e+02
4.558645319364474631e+02
4.556420301720876296e+02
4.554517630281852689e+02
4.552795318243864813e+02
4.551153843219644841e+02
