9.030565590328347980e+02
8.732477178678370819e+02
7.750292190719615064e+02
6.872874069491697355e+02
6.373415787867796780e+02
6.077257444661657928e+02
5.897729509605776457e+02
5.787747835282999631e+02
5.719980048247828108e+02
5.678081413592427680e+02
5.652114557223253541e+02
5.635989200770227399e+02
5.625956579728202769e+02
5.619697161663498264e+02
5.615778542557658284e+02
5.613315282557716728e+02
5.611761294992786588e+02
5.610782788886169783e+02
5.610180218142844524e+02
5.609841814556781401e+02
