6.761171090736058886e+02
8.327021687999126698e+02
8.251749113191262950e+02
7.401749227073115662e+02
6.813374025818288828e+02
6.417055507083105113e+02
6.150683197986911637e+02
5.971958821676902289e+02
5.852142822235615540e+02
5.771916530235608889e+02
5.718177216998358290e+02
5.682181371344088348e+02
5.658053296789291835e+02
5.641855354514216287e+02
5.630943570170579733e+02
5.623543229952090314e+02
5.618458335841191911e+02
5.614874331499851223e+02
5.612224612482979182e+02
5.610092967703243403e+02
