5.431500000000000909e+02
5.541219926370590656e+02
5.611522595801809530e+02
5.611417536840939420e+02
5.611293126981917112e+02
5.611156339563851816e+02
5.611011157636860389e+02
5.610860251926277442e+02
5.610705449743659301e+02
5.610547990360093991e+02
5.610388712942142320e+02
5.610228182639514216e+02
5.610066779388569103e+02
5.609904758226871309e+02
5.609742290480089650e+02
5.609579491798792787e+02
5.609416441037133154e+02
5.609253193278175331e+02
5.609089788966914512e+02
5.608926260732330320e+02
