5.431499999999999773e+02
5.556167154849795224e+02
5.610943528493464783e+02
5.610851046233851775e+02
5.610746449683177843e+02
5.610634861964177844e+02
5.610518920887423064e+02
5.610400277849872737e+02
5.610279933582556851e+02
5.610158497166544294e+02
5.610036363742150343e+02
5.609913767746182884e+02
5.609790857161560780e+02
5.609667723656870066e+02
5.609544423867341720e+02
5.609420992595011057e+02
5.609297450959154503e+02
5.609173811367377311e+02
5.609050080463287031e+02
5.608926260732330320e+02
