/*--------------------------------*- C++ -*----------------------------------*\
| =========                 |                                                 |
| \\      /  F ield         | OpenFOAM: The Open Source CFD Toolbox           |
|  \\    /   O peration     | Version:  2406                                  |
|   \\  /    A nd           | Website:  www.openfoam.com                      |
|    \\/     M anipulation  |                                                 |
\*---------------------------------------------------------------------------*/
FoamFile
{
    version     2.0;
    format      ascii;
    arch        "LSB;label=32;scalar=64";
    class       volTensorField;
    location    "30/fluidRegion";
    object      KdTotU;
}
// * * * * * * * * * * * * * * * * * * * * * * * * * * * * * * * * * * * * * //

dimensions      [1 -2 -2 0 0 0 0];

internalField   nonuniform List<tensor> 
75
(
(736.346 0 0 0 736.346 0 0 0 736.346)
(736.346 0 0 0 736.346 0 0 0 736.346)
(736.346 0 0 0 736.346 0 0 0 736.346)
(736.346 0 0 0 736.346 0 0 0 736.346)
(736.346 0 0 0 736.346 0 0 0 736.346)
(735.346 0 0 0 735.346 0 0 0 735.346)
(734.971 0 0 0 734.971 0 0 0 734.971)
(734.663 0 0 0 734.663 0 0 0 734.663)
(734.422 0 0 0 734.422 0 0 0 734.422)
(734.244 0 0 0 734.244 0 0 0 734.244)
(758.803 0 0 0 758.803 0 0 0 758.803)
(799.93 0 0 0 799.93 0 0 0 799.93)
(852.397 0 0 0 852.397 0 0 0 852.397)
(915.97 0 0 0 915.97 0 0 0 915.97)
(990.547 0 0 0 990.547 0 0 0 990.547)
(1076.97 0 0 0 1076.97 0 0 0 1076.97)
(1176.39 0 0 0 1176.39 0 0 0 1176.39)
(1290.26 0 0 0 1290.26 0 0 0 1290.26)
(1420.16 0 0 0 1420.16 0 0 0 1420.16)
(1567.7 0 0 0 1567.7 0 0 0 1567.7)
(1734.4 0 0 0 1734.4 0 0 0 1734.4)
(1921.53 0 0 0 1921.53 0 0 0 1921.53)
(2129.96 0 0 0 2129.96 0 0 0 2129.96)
(2360.44 0 0 0 2360.44 0 0 0 2360.44)
(2624.33 0 0 0 2624.33 0 0 0 2624.33)
(2915.08 0 0 0 2915.08 0 0 0 2915.08)
(3218.68 0 0 0 3218.68 0 0 0 3218.68)
(3528.28 0 0 0 3528.28 0 0 0 3528.28)
(3841.33 0 0 0 3841.33 0 0 0 3841.33)
(4155.03 0 0 0 4155.03 0 0 0 4155.03)
(4467.2 0 0 0 4467.2 0 0 0 4467.2)
(4777.34 0 0 0 4777.34 0 0 0 4777.34)
(5085.57 0 0 0 5085.57 0 0 0 5085.57)
(5391.99 0 0 0 5391.99 0 0 0 5391.99)
(5696.7 0 0 0 5696.7 0 0 0 5696.7)
(5999.75 0 0 0 5999.75 0 0 0 5999.75)
(6301.23 0 0 0 6301.23 0 0 0 6301.23)
(6601.19 0 0 0 6601.19 0 0 0 6601.19)
(6899.66 0 0 0 6899.66 0 0 0 6899.66)
(7196.69 0 0 0 7196.69 0 0 0 7196.69)
(7492.29 0 0 0 7492.29 0 0 0 7492.29)
(7786.5 0 0 0 7786.5 0 0 0 7786.5)
(8079.38 0 0 0 8079.38 0 0 0 8079.38)
(8371.17 0 0 0 8371.17 0 0 0 8371.17)
(8662.04 0 0 0 8662.04 0 0 0 8662.04)
(8951.99 0 0 0 8951.99 0 0 0 8951.99)
(9241.02 0 0 0 9241.02 0 0 0 9241.02)
(9529.11 0 0 0 9529.11 0 0 0 9529.11)
(9816.26 0 0 0 9816.26 0 0 0 9816.26)
(10102.5 0 0 0 10102.5 0 0 0 10102.5)
(10387.7 0 0 0 10387.7 0 0 0 10387.7)
(10671.9 0 0 0 10671.9 0 0 0 10671.9)
(10955.1 0 0 0 10955.1 0 0 0 10955.1)
(11237.2 0 0 0 11237.2 0 0 0 11237.2)
(11573.5 0 0 0 11573.5 0 0 0 11573.5)
(12029.9 0 0 0 12029.9 0 0 0 12029.9)
(12481.3 0 0 0 12481.3 0 0 0 12481.3)
(12931 0 0 0 12931 0 0 0 12931)
(13381.5 0 0 0 13381.5 0 0 0 13381.5)
(13833.8 0 0 0 13833.8 0 0 0 13833.8)
(14288.6 0 0 0 14288.6 0 0 0 14288.6)
(14746.2 0 0 0 14746.2 0 0 0 14746.2)
(15206.8 0 0 0 15206.8 0 0 0 15206.8)
(15670.5 0 0 0 15670.5 0 0 0 15670.5)
(16137.1 0 0 0 16137.1 0 0 0 16137.1)
(16606.9 0 0 0 16606.9 0 0 0 16606.9)
(17079.5 0 0 0 17079.5 0 0 0 17079.5)
(17555.1 0 0 0 17555.1 0 0 0 17555.1)
(18033.6 0 0 0 18033.6 0 0 0 18033.6)
(18514.7 0 0 0 18514.7 0 0 0 18514.7)
(18998.9 0 0 0 18998.9 0 0 0 18998.9)
(19484.2 0 0 0 19484.2 0 0 0 19484.2)
(19978.5 0 0 0 19978.5 0 0 0 19978.5)
(20446.3 0 0 0 20446.3 0 0 0 20446.3)
(21046.1 0 0 0 21046.1 0 0 0 21046.1)
)
;

boundaryField
{
    inlet
    {
        type            zeroGradient;
    }
    outlet
    {
        type            zeroGradient;
    }
    fixedWalls
    {
        type            zeroGradient;
    }
}


// ************************************************************************* //
