/*--------------------------------*- C++ -*----------------------------------*\
| =========                 |                                                 |
| \\      /  F ield         | OpenFOAM: The Open Source CFD Toolbox           |
|  \\    /   O peration     | Version:  2406                                  |
|   \\  /    A nd           | Website:  www.openfoam.com                      |
|    \\/     M anipulation  |                                                 |
\*---------------------------------------------------------------------------*/
FoamFile
{
    version     2.0;
    format      ascii;
    arch        "LSB;label=32;scalar=64";
    class       volScalarField;
    location    "30/fluidRegion";
    object      p_rgh;
}
// * * * * * * * * * * * * * * * * * * * * * * * * * * * * * * * * * * * * * //

dimensions      [1 -1 -2 0 0 0 0];

internalField   nonuniform List<scalar> 
75
(
7.22931e+06
7.22928e+06
7.22925e+06
7.22923e+06
7.2292e+06
7.22917e+06
7.22913e+06
7.2291e+06
7.22906e+06
7.22903e+06
7.22899e+06
7.22895e+06
7.22891e+06
7.22885e+06
7.2288e+06
7.22873e+06
7.22866e+06
7.22858e+06
7.22849e+06
7.2284e+06
7.22829e+06
7.22817e+06
7.22804e+06
7.22789e+06
7.22773e+06
7.22755e+06
7.22736e+06
7.22715e+06
7.22692e+06
7.22668e+06
7.22642e+06
7.22616e+06
7.22587e+06
7.22558e+06
7.22527e+06
7.22495e+06
7.22462e+06
7.22427e+06
7.22391e+06
7.22354e+06
7.22316e+06
7.22276e+06
7.22234e+06
7.22192e+06
7.22148e+06
7.22103e+06
7.22056e+06
7.22008e+06
7.21959e+06
7.21908e+06
7.21856e+06
7.21803e+06
7.21748e+06
7.21692e+06
7.21635e+06
7.21576e+06
7.21515e+06
7.21452e+06
7.21387e+06
7.2132e+06
7.2125e+06
7.21179e+06
7.21106e+06
7.2103e+06
7.20953e+06
7.20873e+06
7.20791e+06
7.20706e+06
7.2062e+06
7.20531e+06
7.2044e+06
7.20346e+06
7.20251e+06
7.20153e+06
7.20052e+06
)
;

boundaryField
{
    inlet
    {
        type            fixedFluxPressure;
        gradient        uniform 1457.88;
        value           uniform 7.22933e+06;
    }
    outlet
    {
        type            fixedValue;
        value           uniform 7.2e+06;
    }
    fixedWalls
    {
        type            fixedFluxPressure;
        gradient        nonuniform List<scalar> 
300
(
0
0
0
0
0
0
0
0
0
0
0
0
0
0
7.67194e-17
-4.05704e-18
-5.72564e-17
0
0
0
0
8.7165e-18
-1.3125e-17
-7.34384e-18
0
0
0
0
0
0
0
0
0
0
0
0
0
0
0
0
0
0
0
0
0
-3.45825e-16
9.99862e-18
3.36637e-16
0
0
0
0
-3.45714e-16
9.229e-18
3.39344e-16
0
0
0
0
0
-6.87845e-16
1.74626e-17
6.80643e-16
0
0
0
0
-6.95659e-16
1.68998e-17
6.89962e-16
0
0
0
0
0
0
0
0
0
0
0
0
0
0
0
0
0
0
0
-7.67194e-17
4.05704e-18
5.72564e-17
0
0
0
0
-8.7165e-18
1.3125e-17
7.34384e-18
0
0
0
0
0
0
0
0
0
0
0
0
0
0
0
0
0
0
0
0
0
3.45825e-16
-9.99862e-18
-3.36637e-16
0
0
0
0
3.45714e-16
-9.229e-18
-3.39344e-16
0
0
0
0
0
6.87845e-16
-1.74626e-17
-6.80643e-16
0
0
0
0
6.95659e-16
-1.68998e-17
-6.89962e-16
0
0
0
0
0
0
0
0
0
0
0
0
0
0
0
0
0
0
0
7.67194e-17
-4.05704e-18
-5.72564e-17
0
0
0
0
8.7165e-18
-1.3125e-17
-7.34384e-18
0
0
0
0
0
0
0
0
0
0
0
0
0
0
0
0
0
0
0
0
0
-3.45825e-16
9.99862e-18
3.36637e-16
0
0
0
0
-3.45714e-16
9.229e-18
3.39344e-16
0
0
0
0
0
-6.87845e-16
1.74626e-17
6.80643e-16
0
0
0
0
-6.95659e-16
1.68998e-17
6.89962e-16
0
0
0
0
0
0
0
0
0
0
0
0
0
0
0
0
0
0
0
-7.67194e-17
4.05704e-18
5.72564e-17
0
0
0
0
-8.7165e-18
1.3125e-17
7.34384e-18
0
0
0
0
0
0
0
0
0
0
0
0
0
0
0
0
0
0
0
0
0
3.45825e-16
-9.99862e-18
-3.36637e-16
0
0
0
0
3.45714e-16
-9.229e-18
-3.39344e-16
0
0
0
0
0
6.87845e-16
-1.74626e-17
-6.80643e-16
0
0
0
0
6.95659e-16
-1.68998e-17
-6.89962e-16
0
0
0
0
0
)
;
        value           nonuniform List<scalar> 
300
(
7.22931e+06
7.22928e+06
7.22925e+06
7.22923e+06
7.2292e+06
7.22917e+06
7.22913e+06
7.2291e+06
7.22906e+06
7.22903e+06
7.22899e+06
7.22895e+06
7.22891e+06
7.22885e+06
7.2288e+06
7.22873e+06
7.22866e+06
7.22858e+06
7.22849e+06
7.2284e+06
7.22829e+06
7.22817e+06
7.22804e+06
7.22789e+06
7.22773e+06
7.22755e+06
7.22736e+06
7.22715e+06
7.22692e+06
7.22668e+06
7.22642e+06
7.22616e+06
7.22587e+06
7.22558e+06
7.22527e+06
7.22495e+06
7.22462e+06
7.22427e+06
7.22391e+06
7.22354e+06
7.22316e+06
7.22276e+06
7.22234e+06
7.22192e+06
7.22148e+06
7.22103e+06
7.22056e+06
7.22008e+06
7.21959e+06
7.21908e+06
7.21856e+06
7.21803e+06
7.21748e+06
7.21692e+06
7.21635e+06
7.21576e+06
7.21515e+06
7.21452e+06
7.21387e+06
7.2132e+06
7.2125e+06
7.21179e+06
7.21106e+06
7.2103e+06
7.20953e+06
7.20873e+06
7.20791e+06
7.20706e+06
7.2062e+06
7.20531e+06
7.2044e+06
7.20346e+06
7.20251e+06
7.20153e+06
7.20052e+06
7.22931e+06
7.22928e+06
7.22925e+06
7.22923e+06
7.2292e+06
7.22917e+06
7.22913e+06
7.2291e+06
7.22906e+06
7.22903e+06
7.22899e+06
7.22895e+06
7.22891e+06
7.22885e+06
7.2288e+06
7.22873e+06
7.22866e+06
7.22858e+06
7.22849e+06
7.2284e+06
7.22829e+06
7.22817e+06
7.22804e+06
7.22789e+06
7.22773e+06
7.22755e+06
7.22736e+06
7.22715e+06
7.22692e+06
7.22668e+06
7.22642e+06
7.22616e+06
7.22587e+06
7.22558e+06
7.22527e+06
7.22495e+06
7.22462e+06
7.22427e+06
7.22391e+06
7.22354e+06
7.22316e+06
7.22276e+06
7.22234e+06
7.22192e+06
7.22148e+06
7.22103e+06
7.22056e+06
7.22008e+06
7.21959e+06
7.21908e+06
7.21856e+06
7.21803e+06
7.21748e+06
7.21692e+06
7.21635e+06
7.21576e+06
7.21515e+06
7.21452e+06
7.21387e+06
7.2132e+06
7.2125e+06
7.21179e+06
7.21106e+06
7.2103e+06
7.20953e+06
7.20873e+06
7.20791e+06
7.20706e+06
7.2062e+06
7.20531e+06
7.2044e+06
7.20346e+06
7.20251e+06
7.20153e+06
7.20052e+06
7.22931e+06
7.22928e+06
7.22925e+06
7.22923e+06
7.2292e+06
7.22917e+06
7.22913e+06
7.2291e+06
7.22906e+06
7.22903e+06
7.22899e+06
7.22895e+06
7.22891e+06
7.22885e+06
7.2288e+06
7.22873e+06
7.22866e+06
7.22858e+06
7.22849e+06
7.2284e+06
7.22829e+06
7.22817e+06
7.22804e+06
7.22789e+06
7.22773e+06
7.22755e+06
7.22736e+06
7.22715e+06
7.22692e+06
7.22668e+06
7.22642e+06
7.22616e+06
7.22587e+06
7.22558e+06
7.22527e+06
7.22495e+06
7.22462e+06
7.22427e+06
7.22391e+06
7.22354e+06
7.22316e+06
7.22276e+06
7.22234e+06
7.22192e+06
7.22148e+06
7.22103e+06
7.22056e+06
7.22008e+06
7.21959e+06
7.21908e+06
7.21856e+06
7.21803e+06
7.21748e+06
7.21692e+06
7.21635e+06
7.21576e+06
7.21515e+06
7.21452e+06
7.21387e+06
7.2132e+06
7.2125e+06
7.21179e+06
7.21106e+06
7.2103e+06
7.20953e+06
7.20873e+06
7.20791e+06
7.20706e+06
7.2062e+06
7.20531e+06
7.2044e+06
7.20346e+06
7.20251e+06
7.20153e+06
7.20052e+06
7.22931e+06
7.22928e+06
7.22925e+06
7.22923e+06
7.2292e+06
7.22917e+06
7.22913e+06
7.2291e+06
7.22906e+06
7.22903e+06
7.22899e+06
7.22895e+06
7.22891e+06
7.22885e+06
7.2288e+06
7.22873e+06
7.22866e+06
7.22858e+06
7.22849e+06
7.2284e+06
7.22829e+06
7.22817e+06
7.22804e+06
7.22789e+06
7.22773e+06
7.22755e+06
7.22736e+06
7.22715e+06
7.22692e+06
7.22668e+06
7.22642e+06
7.22616e+06
7.22587e+06
7.22558e+06
7.22527e+06
7.22495e+06
7.22462e+06
7.22427e+06
7.22391e+06
7.22354e+06
7.22316e+06
7.22276e+06
7.22234e+06
7.22192e+06
7.22148e+06
7.22103e+06
7.22056e+06
7.22008e+06
7.21959e+06
7.21908e+06
7.21856e+06
7.21803e+06
7.21748e+06
7.21692e+06
7.21635e+06
7.21576e+06
7.21515e+06
7.21452e+06
7.21387e+06
7.2132e+06
7.2125e+06
7.21179e+06
7.21106e+06
7.2103e+06
7.20953e+06
7.20873e+06
7.20791e+06
7.20706e+06
7.2062e+06
7.20531e+06
7.2044e+06
7.20346e+06
7.20251e+06
7.20153e+06
7.20052e+06
)
;
    }
}


// ************************************************************************* //
