1.250607013702392578e+00
1.250691294670104980e+00
1.250697731971740723e+00
1.250696301460266113e+00
1.250692725181579590e+00
1.250692963600158691e+00
1.250693440437316895e+00
1.250690460205078125e+00
1.250692486763000488e+00
1.250693678855895996e+00
1.250693678855895996e+00
1.250692367553710938e+00
1.250694155693054199e+00
1.250691890716552734e+00
1.250694155693054199e+00
1.250698924064636230e+00
1.250692486763000488e+00
1.250694990158081055e+00
1.250693917274475098e+00
1.250696182250976562e+00
1.250696182250976562e+00
1.250695705413818359e+00
1.250699281692504883e+00
1.250699877738952637e+00
1.250695943832397461e+00
1.250696182250976562e+00
1.250697493553161621e+00
1.250696897506713867e+00
1.250696778297424316e+00
1.250693678855895996e+00
1.250695109367370605e+00
1.250693082809448242e+00
1.250694274902343750e+00
1.250697731971740723e+00
1.250693082809448242e+00
1.250694632530212402e+00
1.250694036483764648e+00
1.250696539878845215e+00
1.250696063041687012e+00
1.250691413879394531e+00
1.250694990158081055e+00
1.250693559646606445e+00
1.250696420669555664e+00
1.250693082809448242e+00
1.250692486763000488e+00
1.250694036483764648e+00
1.250692605972290039e+00
1.250694751739501953e+00
1.250698089599609375e+00
1.250697255134582520e+00
1.250698089599609375e+00
1.250693798065185547e+00
1.250693798065185547e+00
