3.911884307861328125e+01
1.002121734619140625e+02
1.582622375488281250e+02
2.118239440917968750e+02
2.596011962890625000e+02
3.005049438476562500e+02
3.337199707031250000e+02
3.586427917480468750e+02
3.749280395507812500e+02
3.823714904785156250e+02
3.809971618652343750e+02
3.708834228515625000e+02
3.523139038085937500e+02
3.256897583007812500e+02
2.915444335937500000e+02
2.505587921142578125e+02
2.035770263671875000e+02
1.515769195556640625e+02
9.574544525146484375e+01
3.732360839843750000e+01
