2.607887268066406250e+02
2.604189758300781250e+02
2.597142028808593750e+02
2.587597961425781250e+02
2.575954589843750000e+02
2.562355041503906250e+02
2.547332305908203125e+02
2.531351623535156250e+02
2.514510345458984375e+02
2.497186279296875000e+02
2.480106201171875000e+02
2.463336791992187500e+02
2.447121734619140625e+02
2.431410827636718750e+02
2.417005767822265625e+02
2.403849792480468750e+02
2.392352294921875000e+02
2.383206939697265625e+02
2.376710357666015625e+02
2.373353118896484375e+02
