2.221253331104474142e+07
2.218103997931888327e+07
2.212101133926630393e+07
2.203972028145891428e+07
2.194054851806037501e+07
2.182471512901285663e+07
2.169675982245931774e+07
2.156064525804115459e+07
2.141720061806448177e+07
2.126964385768583789e+07
2.112416525170755386e+07
2.098133275101949647e+07
2.084322191070459783e+07
2.070940514302179962e+07
2.058671085523789003e+07
2.047465557428411767e+07
2.037672628468592092e+07
2.029883123528886959e+07
2.024349696277483180e+07
2.021490187014391646e+07
