3.331925484714255668e+06
8.535515581719841808e+06
1.347989718144636042e+07
1.804198544864443317e+07
2.211138606629001722e+07
2.559533978743946180e+07
2.842441104174019024e+07
3.054719832416745275e+07
3.193428515773699433e+07
3.256827690924401209e+07
3.245121924161919206e+07
3.158978720239233971e+07
3.000813884909587726e+07
2.774044221123902872e+07
2.483213336001433805e+07
2.134120437015519664e+07
1.733955886405072361e+07
1.291047897676995955e+07
8.155064515521916561e+06
3.179017379280260764e+06
