-3.471434582024812698e-03
-1.324686454609036446e-03
-9.544953354634344578e-04
-1.311024185270071030e-03
1.810389221645891666e-03
1.777232391759753227e-03
1.902126823551952839e-03
4.331362899392843246e-03
4.794443957507610321e-03
7.039855234324932098e-03
5.439033266156911850e-03
1.184896100312471390e-03
-6.583108333870768547e-04
-3.167006187140941620e-03
-2.606353722512722015e-03
-7.727490738034248352e-03
-9.368296712636947632e-03
-1.140426658093929291e-02
-1.430126000195741653e-02
-1.433744747191667557e-02
