4.564000451714342495e-03
4.968952834194731959e-03
3.160969987704654195e-03
2.134720941256120896e-03
6.006837842975773500e-03
2.763189974196197767e-03
4.013386741266513637e-04
2.350944681898901704e-03
1.268289616178008058e-03
4.093979937044726404e-04
3.753023260085070205e-04
-1.195496731058509187e-03
-5.798890728214975204e-04
-3.426411229590430735e-03
-4.166469653670435390e-03
-2.373963485636975713e-03
-4.279557535850564247e-03
-5.077026754844437065e-03
-4.885480109164223005e-03
-4.442387759648903575e-03
