0.000000000000000000e+00
6.714442963635061819e-05
1.306075025762968818e-04
1.839959895701295638e-04
2.277481107456201688e-04
2.538839484511446571e-04
2.610996769867561388e-04
2.517110192648006951e-04
2.262376266839629519e-04
1.880272630257905271e-04
1.382951802212995028e-04
7.647855594325091643e-05
9.681684802988100056e-06
-5.346809901350348175e-05
-1.058098832648238328e-04
-1.451732042638021760e-04
-1.641231443734854573e-04
-1.635849434131570140e-04
-1.411601661998448584e-04
-9.729247619038423282e-05
