4.564000293612480164e-03
4.968952853232622147e-03
3.160970052704215050e-03
2.134721027687191963e-03
6.006837822496891022e-03
2.763190073892474174e-03
4.013386787846684456e-04
2.350944792851805687e-03
1.268289634026587009e-03
4.093979950994253159e-04
3.753023338504135609e-04
-1.195496763102710247e-03
-5.798890488222241402e-04
-3.426411189138889313e-03
-4.166469443589448929e-03
-2.373963594436645508e-03
-4.279557615518569946e-03
-5.077026784420013428e-03
-4.885480273514986038e-03
-4.442387726157903671e-03
