-3.471434675681762949e-03
-1.324686429979648507e-03
-9.544953501174634246e-04
-1.311024215343827232e-03
1.810389236029949413e-03
1.777232353636544211e-03
1.902126797237023654e-03
4.331362690952721313e-03
4.794444110254308423e-03
7.039855077958412539e-03
5.439033322766149113e-03
1.184896129044053174e-03
-6.583108540393325849e-04
-3.167006167225028083e-03
-2.606353620218311660e-03
-7.727490562896471675e-03
-9.368296515430625179e-03
-1.140426686669491173e-02
-1.430125957846088008e-02
-1.433744793222489940e-02
