1.583976301739250516e-03
1.717496889509508365e-03
1.684434067004368044e-03
1.489517235264550777e-03
1.299641764063555732e-03
9.015357476029504328e-04
4.540422428465891252e-04
4.485087275092942039e-05
-3.707281431373456908e-04
-7.219862237352113292e-04
-1.059799961590316645e-03
-1.428484816433020195e-03
-1.632262708588340773e-03
-1.620828358618347413e-03
-1.418216459548448261e-03
-1.142937500943976524e-03
-6.522881451745348282e-04
-1.562359923172296184e-04
4.319082945031485921e-04
1.038199019929641120e-03
