0.000000000000000000e+00
-1.757896497754880068e-04
-3.447233294550378622e-04
-5.052635964006611064e-04
-6.491607614344217791e-04
-7.842210706487457361e-04
-9.032393303222386542e-04
-1.002738136356634514e-03
-1.080122635691951102e-03
-1.135262992868167620e-03
-1.162832558504777077e-03
-1.166282084469130080e-03
-1.137935538567201327e-03
-1.076237689916131456e-03
-9.769018504616328296e-04
-8.368528901743731412e-04
-6.574404768292665220e-04
-4.319703362256955594e-04
-1.571863184632467901e-04
1.703815477509365345e-04
