-4.425375856202017760e-03
-4.428086860264738266e-03
-4.456645190544003717e-03
-4.437902346724488176e-03
-4.199381314985901371e-03
-4.138356690347526692e-03
-3.881872359783068542e-03
-3.515915968611285029e-03
-3.058649240109936364e-03
-2.570109423928497016e-03
-1.916701967203772190e-03
-1.318441935884432726e-03
-4.926893309888718750e-04
4.108212086671864105e-04
1.464021784913106111e-03
2.639630625019296749e-03
3.824779958282240391e-03
5.226814468233071005e-03
6.762487676236922547e-03
8.439971412671007714e-03
