0.000000000000000000e+00
-1.544892908054584454e-14
0.000000000000000000e+00
0.000000000000000000e+00
0.000000000000000000e+00
0.000000000000000000e+00
-1.544776718465298982e-14
0.000000000000000000e+00
0.000000000000000000e+00
0.000000000000000000e+00
-1.544680445863345394e-14
0.000000000000000000e+00
0.000000000000000000e+00
0.000000000000000000e+00
-1.544580984839392184e-14
0.000000000000000000e+00
0.000000000000000000e+00
0.000000000000000000e+00
0.000000000000000000e+00
0.000000000000000000e+00
