7.358773255465492866e+02
7.358881455723482077e+02
7.358990470091124507e+02
7.359100312370228494e+02
7.359210996725809082e+02
7.359322537699117674e+02
7.359434950221243525e+02
7.359548249627282530e+02
7.359662451671264307e+02
7.359777572541678410e+02
7.359893628877701985e+02
7.360010637786458574e+02
7.360128616860627062e+02
7.360247584197450124e+02
7.360367558418269027e+02
7.360488558689215779e+02
7.360610604742865917e+02
7.360733716900905392e+02
7.360857916098429996e+02
7.360983223908580158e+02
