5.590346103254864829e+02
5.596523512576378607e+02
5.602468267931714081e+02
5.608221927517211043e+02
5.613794074458119212e+02
5.619210633612589163e+02
5.624480511132341007e+02
5.629633567666550107e+02
5.634675816491607065e+02
5.639631766549709937e+02
5.644539564216333929e+02
5.649415721985410528e+02
5.654261647378573343e+02
5.659084114765953473e+02
5.663930786731208400e+02
5.668802644563841113e+02
5.673735442195090855e+02
5.678765918157992019e+02
5.683922808871145662e+02
5.689243231218849814e+02
