5.455250828606378946e+02
5.494862560729229699e+02
5.534055278627081407e+02
5.571838710233530492e+02
5.607273425186072018e+02
5.639529172163718158e+02
5.667909056210964991e+02
5.691831626961967459e+02
5.710869797562422718e+02
5.724673863606053601e+02
5.733041663141644904e+02
5.735807106802668613e+02
5.732931496870884303e+02
5.724466906511174784e+02
5.710562833550595769e+02
5.691482808184289297e+02
5.667601618719991166e+02
5.639412431671331660e+02
5.607555498254321265e+02
5.572737147863215341e+02
