5.431500000000000909e+02
5.433948760918112839e+02
5.437814434138131219e+02
5.442982437649202438e+02
5.449305349375824790e+02
5.456609193654185219e+02
5.464700439248731527e+02
5.473371981942386810e+02
5.482410256384408740e+02
5.491598956273526255e+02
5.500725073815473252e+02
5.509580252804402107e+02
5.517965324292540572e+02
5.525693047404345180e+02
5.532590787658539284e+02
5.538503536384400832e+02
5.543296583351814206e+02
5.546858295943141002e+02
5.549103881418782294e+02
5.549976124864499525e+02
