5.431500000000000909e+02
5.437876099988588976e+02
5.444221761822250301e+02
5.450530822240253883e+02
5.456797776744499515e+02
5.463018373433581019e+02
5.469188902192659043e+02
5.475306966817561261e+02
5.481370514158205651e+02
5.487378518873414350e+02
5.493331449158043824e+02
5.499230376519695938e+02
5.505076376789082815e+02
5.510870731223897110e+02
5.516616449737222183e+02
5.522316439228114859e+02
5.527974806339282168e+02
5.533596835140958774e+02
5.539188631610602442e+02
5.544757393327898853e+02
