1.247930049896240234e+00
1.247916460037231445e+00
1.247953891754150391e+00
1.247982621192932129e+00
1.247965931892395020e+00
1.247969627380371094e+00
1.247966408729553223e+00
1.247965097427368164e+00
1.247962832450866699e+00
1.247964501380920410e+00
1.247961044311523438e+00
1.247967004776000977e+00
1.247967243194580078e+00
1.247956633567810059e+00
1.247959017753601074e+00
1.247962117195129395e+00
1.247960925102233887e+00
1.247962117195129395e+00
1.247956395149230957e+00
1.247960567474365234e+00
1.247955203056335449e+00
1.247959256172180176e+00
1.247964501380920410e+00
1.247959375381469727e+00
1.247960686683654785e+00
1.247957706451416016e+00
1.247964620590209961e+00
1.247963428497314453e+00
1.247963786125183105e+00
1.247960090637207031e+00
1.247957468032836914e+00
1.247965693473815918e+00
1.247956871986389160e+00
1.247955679893493652e+00
1.247963905334472656e+00
1.247960329055786133e+00
1.247961640357971191e+00
1.247968196868896484e+00
1.247966051101684570e+00
1.247957825660705566e+00
1.247957587242126465e+00
1.247957468032836914e+00
1.247964262962341309e+00
1.247958302497863770e+00
1.247960329055786133e+00
1.247962951660156250e+00
1.247964501380920410e+00
1.247962951660156250e+00
1.247962594032287598e+00
1.247967600822448730e+00
1.247962117195129395e+00
1.247966051101684570e+00
1.247962117195129395e+00
1.247963786125183105e+00
1.247960567474365234e+00
1.247963428497314453e+00
1.247965455055236816e+00
1.247961640357971191e+00
1.247964143753051758e+00
1.247963309288024902e+00
1.247960448265075684e+00
1.247963190078735352e+00
1.247964859008789062e+00
1.247960329055786133e+00
1.247964978218078613e+00
1.247957825660705566e+00
1.247960090637207031e+00
1.247963428497314453e+00
1.247959017753601074e+00
1.247960209846496582e+00
1.247968912124633789e+00
1.247958898544311523e+00
1.247956037521362305e+00
1.247959971427917480e+00
1.247963309288024902e+00
1.247967243194580078e+00
1.247962951660156250e+00
1.247960686683654785e+00
1.247959613800048828e+00
1.247961163520812988e+00
1.247962594032287598e+00
1.247961997985839844e+00
1.247959613800048828e+00
1.247961401939392090e+00
1.247957944869995117e+00
1.247958898544311523e+00
1.247965216636657715e+00
1.247959971427917480e+00
1.247961878776550293e+00
1.247962951660156250e+00
1.247961997985839844e+00
1.247967123985290527e+00
1.247968196868896484e+00
1.247964978218078613e+00
1.247963309288024902e+00
1.247967481613159180e+00
1.247960567474365234e+00
1.247964501380920410e+00
1.247969031333923340e+00
1.247959971427917480e+00
1.247965574264526367e+00
1.247965574264526367e+00
