1.241982102394104004e+00
1.241024017333984375e+00
1.238744378089904785e+00
1.238225579261779785e+00
1.237889409065246582e+00
1.237872719764709473e+00
1.237866163253784180e+00
1.237863183021545410e+00
1.237869143486022949e+00
1.237863421440124512e+00
1.237868905067443848e+00
1.237861394882202148e+00
1.237868785858154297e+00
1.237869977951049805e+00
1.237863063812255859e+00
1.237857103347778320e+00
1.237850904464721680e+00
1.237857580184936523e+00
1.237859964370727539e+00
1.237855195999145508e+00
1.237859725952148438e+00
1.237858176231384277e+00
1.237859129905700684e+00
1.237863302230834961e+00
1.237871408462524414e+00
1.237871289253234863e+00
1.237866997718811035e+00
1.237860560417175293e+00
1.237862348556518555e+00
1.237854003906250000e+00
1.237859606742858887e+00
1.237861514091491699e+00
1.237858057022094727e+00
1.237858414649963379e+00
1.237866044044494629e+00
1.237862706184387207e+00
1.237861037254333496e+00
1.237856984138488770e+00
1.237860918045043945e+00
1.237859845161437988e+00
1.237859725952148438e+00
1.237859606742858887e+00
1.237857341766357422e+00
1.237854361534118652e+00
1.237864375114440918e+00
1.237859845161437988e+00
1.237859487533569336e+00
