1.229544639587402344e+00
1.197814345359802246e+00
1.212101459503173828e+00
1.201268553733825684e+00
1.206611633300781250e+00
1.200363159179687500e+00
1.204408764839172363e+00
1.200294137001037598e+00
1.203330516815185547e+00
1.200402140617370605e+00
1.202637195587158203e+00
1.200454950332641602e+00
1.202250838279724121e+00
1.200646638870239258e+00
1.201984882354736328e+00
1.200758576393127441e+00
1.201785206794738770e+00
1.200893998146057129e+00
1.201636552810668945e+00
1.200968742370605469e+00
1.201545000076293945e+00
1.201036453247070312e+00
1.201471447944641113e+00
1.201103925704956055e+00
1.201432466506958008e+00
1.201130270957946777e+00
1.201389908790588379e+00
1.201151847839355469e+00
1.201353549957275391e+00
1.201165080070495605e+00
1.201327562332153320e+00
1.201211452484130859e+00
1.201301813125610352e+00
1.201209068298339844e+00
1.201272487640380859e+00
1.201214075088500977e+00
1.201276302337646484e+00
1.201235890388488770e+00
1.201278924942016602e+00
1.201235294342041016e+00
1.201300978660583496e+00
1.201265454292297363e+00
1.201253652572631836e+00
1.201256871223449707e+00
1.201259374618530273e+00
1.201264023780822754e+00
1.201255679130554199e+00
1.201285719871520996e+00
1.201257467269897461e+00
1.201256155967712402e+00
1.201273798942565918e+00
1.201257705688476562e+00
1.201269388198852539e+00
1.201251745223999023e+00
1.201252698898315430e+00
1.201254844665527344e+00
1.201252818107604980e+00
1.201262474060058594e+00
1.201252460479736328e+00
1.201258540153503418e+00
1.201252937316894531e+00
1.201261639595031738e+00
1.201263308525085449e+00
1.201260209083557129e+00
1.201250433921813965e+00
1.201241970062255859e+00
1.201242446899414062e+00
1.201260209083557129e+00
1.201245307922363281e+00
1.201236128807067871e+00
1.201249122619628906e+00
1.201245903968811035e+00
1.201254010200500488e+00
1.201252222061157227e+00
1.201255321502685547e+00
1.201255083084106445e+00
1.201241970062255859e+00
1.201241135597229004e+00
1.201244592666625977e+00
1.201244115829467773e+00
1.201243877410888672e+00
1.201255917549133301e+00
1.201251387596130371e+00
1.201250076293945312e+00
1.201255083084106445e+00
1.201249599456787109e+00
1.201256990432739258e+00
1.201251864433288574e+00
1.201252698898315430e+00
1.201249241828918457e+00
1.201247215270996094e+00
1.201256752014160156e+00
1.201246500015258789e+00
1.201238393783569336e+00
1.201259374618530273e+00
1.201250314712524414e+00
1.201250672340393066e+00
1.201244831085205078e+00
1.201247692108154297e+00
1.201255559921264648e+00
1.201247334480285645e+00
1.201248764991760254e+00
1.201252341270446777e+00
1.201250672340393066e+00
1.201248884201049805e+00
1.201257705688476562e+00
1.201250076293945312e+00
1.201245188713073730e+00
1.201243281364440918e+00
1.201248884201049805e+00
1.201254487037658691e+00
1.201259255409240723e+00
1.201260447502136230e+00
1.201245188713073730e+00
1.201256513595581055e+00
1.201246738433837891e+00
1.201252579689025879e+00
1.201255202293395996e+00
1.201241493225097656e+00
1.201252937316894531e+00
1.201255202293395996e+00
1.201245903968811035e+00
1.201248407363891602e+00
1.201263546943664551e+00
1.201243042945861816e+00
1.201247811317443848e+00
1.201263785362243652e+00
1.201250553131103516e+00
1.201260805130004883e+00
1.201248049736022949e+00
1.201247096061706543e+00
1.201255917549133301e+00
1.201254248619079590e+00
1.201251387596130371e+00
1.201253175735473633e+00
1.201252102851867676e+00
1.201259255409240723e+00
1.201245903968811035e+00
1.201251268386840820e+00
1.201254606246948242e+00
1.201254010200500488e+00
1.201263070106506348e+00
1.201249957084655762e+00
1.201251506805419922e+00
1.201254844665527344e+00
1.201246619224548340e+00
1.201249599456787109e+00
1.201252698898315430e+00
1.201250553131103516e+00
1.201259970664978027e+00
1.201254963874816895e+00
1.201249599456787109e+00
1.201248645782470703e+00
1.201258063316345215e+00
1.201247811317443848e+00
1.201248645782470703e+00
1.201249241828918457e+00
1.201243400573730469e+00
1.201243877410888672e+00
1.201246023178100586e+00
1.201271057128906250e+00
1.201256155967712402e+00
1.201260089874267578e+00
1.201254963874816895e+00
1.201249241828918457e+00
1.201262354850769043e+00
1.201248526573181152e+00
1.201264262199401855e+00
1.201241493225097656e+00
1.201255559921264648e+00
1.201257467269897461e+00
1.201246619224548340e+00
1.201250076293945312e+00
1.201264858245849609e+00
1.201258301734924316e+00
1.201249003410339355e+00
1.201248884201049805e+00
1.201250314712524414e+00
1.201240539550781250e+00
1.201254010200500488e+00
1.201251029968261719e+00
1.201251387596130371e+00
1.201263308525085449e+00
1.201257705688476562e+00
1.201255679130554199e+00
1.201247930526733398e+00
1.201252222061157227e+00
1.201245665550231934e+00
1.201261639595031738e+00
1.201250195503234863e+00
1.201248884201049805e+00
1.201250553131103516e+00
1.201254010200500488e+00
1.201248884201049805e+00
1.201245427131652832e+00
1.201251506805419922e+00
1.201258182525634766e+00
1.201260924339294434e+00
1.201260924339294434e+00
