1.217463254928588867e+00
1.170042276382446289e+00
1.131380558013916016e+00
1.136293172836303711e+00
1.165212035179138184e+00
1.137967705726623535e+00
1.135486721992492676e+00
1.148086667060852051e+00
1.141605019569396973e+00
1.137959003448486328e+00
1.140912175178527832e+00
1.141643047332763672e+00
1.139341115951538086e+00
1.139922022819519043e+00
1.140813589096069336e+00
1.140034079551696777e+00
1.139967560768127441e+00
1.140297174453735352e+00
1.140211105346679688e+00
1.140106678009033203e+00
1.140171170234680176e+00
1.140194773674011230e+00
1.140190482139587402e+00
1.140175223350524902e+00
1.140169262886047363e+00
1.140159487724304199e+00
1.140161275863647461e+00
1.140172243118286133e+00
1.140164971351623535e+00
1.140167951583862305e+00
1.140166640281677246e+00
1.140165686607360840e+00
1.140162348747253418e+00
1.140178799629211426e+00
1.140173554420471191e+00
1.140157461166381836e+00
1.140165328979492188e+00
1.140172123908996582e+00
1.140166282653808594e+00
1.140165328979492188e+00
1.140172362327575684e+00
1.140173435211181641e+00
1.140158534049987793e+00
1.140168547630310059e+00
1.140161871910095215e+00
1.140158414840698242e+00
1.140162944793701172e+00
1.140169620513916016e+00
1.140172481536865234e+00
1.140170335769653320e+00
1.140169739723205566e+00
1.140152096748352051e+00
1.140159606933593750e+00
1.140161514282226562e+00
1.140169739723205566e+00
1.140160679817199707e+00
1.140163898468017578e+00
1.140157699584960938e+00
1.140157580375671387e+00
1.140155553817749023e+00
1.140162587165832520e+00
1.140168666839599609e+00
1.140164732933044434e+00
1.140159606933593750e+00
1.140163779258728027e+00
1.140156626701354980e+00
1.140165090560913086e+00
1.140158653259277344e+00
1.140158772468566895e+00
1.140169262886047363e+00
1.140165925025939941e+00
1.140157222747802734e+00
1.140169024467468262e+00
1.140158891677856445e+00
1.140165448188781738e+00
1.140157103538513184e+00
1.140167713165283203e+00
1.140169382095336914e+00
1.140161156654357910e+00
1.140166997909545898e+00
1.140163540840148926e+00
1.140156388282775879e+00
1.140161991119384766e+00
1.140161871910095215e+00
1.140166997909545898e+00
1.140165448188781738e+00
1.140163779258728027e+00
1.140163183212280273e+00
1.140159487724304199e+00
1.140156507492065430e+00
1.140160918235778809e+00
1.140156269073486328e+00
1.140168190002441406e+00
1.140164971351623535e+00
1.140165448188781738e+00
