1.217463254928588867e+00
1.170042276382446289e+00
1.131380558013916016e+00
1.136293172836303711e+00
1.165212035179138184e+00
1.137967705726623535e+00
1.135486721992492676e+00
1.148086667060852051e+00
1.141605019569396973e+00
1.137959003448486328e+00
1.140912175178527832e+00
1.141643047332763672e+00
1.139341115951538086e+00
1.139922022819519043e+00
1.140813589096069336e+00
1.140034079551696777e+00
1.139967560768127441e+00
1.140297174453735352e+00
1.140211105346679688e+00
1.140106678009033203e+00
1.140171170234680176e+00
1.140194773674011230e+00
1.140190482139587402e+00
1.140175223350524902e+00
1.140169262886047363e+00
1.140159487724304199e+00
1.140161275863647461e+00
1.140172243118286133e+00
1.140164971351623535e+00
1.140167951583862305e+00
1.140166640281677246e+00
1.140165686607360840e+00
1.140162348747253418e+00
1.140178799629211426e+00
1.140173554420471191e+00
1.140157461166381836e+00
1.140165328979492188e+00
1.140172123908996582e+00
1.140166282653808594e+00
1.140165328979492188e+00
