1.217463254928588867e+00
1.140251278877258301e+00
1.154807567596435547e+00
1.141346812248229980e+00
1.141044497489929199e+00
1.140779852867126465e+00
1.139382362365722656e+00
1.141053795814514160e+00
1.139371633529663086e+00
1.140928626060485840e+00
1.139597415924072266e+00
1.140701532363891602e+00
1.139788746833801270e+00
1.140479683876037598e+00
1.139958024024963379e+00
1.140324592590332031e+00
1.140079259872436523e+00
1.140247225761413574e+00
1.140141606330871582e+00
1.140179038047790527e+00
1.140155076980590820e+00
1.140153050422668457e+00
1.140164852142333984e+00
1.140150785446166992e+00
1.140172600746154785e+00
1.140168070793151855e+00
1.140173792839050293e+00
1.140173912048339844e+00
1.140161037445068359e+00
1.140159249305725098e+00
1.140161275863647461e+00
1.140174746513366699e+00
1.140166163444519043e+00
1.140166044235229492e+00
1.140179157257080078e+00
1.140169858932495117e+00
1.140161275863647461e+00
1.140166401863098145e+00
1.140178680419921875e+00
1.140170216560363770e+00
1.140166044235229492e+00
1.140165805816650391e+00
