1.217463254928588867e+00
1.197899222373962402e+00
1.135023355484008789e+00
1.127993345260620117e+00
1.192880988121032715e+00
1.178313255310058594e+00
1.145339131355285645e+00
1.132094025611877441e+00
1.151236534118652344e+00
1.166508078575134277e+00
1.141242742538452148e+00
1.134809732437133789e+00
1.146316409111022949e+00
1.154553294181823730e+00
1.139650225639343262e+00
1.136291742324829102e+00
1.144572734832763672e+00
1.147340416908264160e+00
1.139242768287658691e+00
1.137492656707763672e+00
1.143103480339050293e+00
1.143617033958435059e+00
1.139246702194213867e+00
1.138506412506103516e+00
1.141921639442443848e+00
1.141750454902648926e+00
1.139316082000732422e+00
1.139301180839538574e+00
1.141222119331359863e+00
1.140844821929931641e+00
1.139580249786376953e+00
1.139757394790649414e+00
1.140737175941467285e+00
1.140467286109924316e+00
1.139811992645263672e+00
1.139986753463745117e+00
1.140466213226318359e+00
1.140305519104003906e+00
1.139980196952819824e+00
1.140084147453308105e+00
1.140344023704528809e+00
1.140244007110595703e+00
1.140061378479003906e+00
1.140119552612304688e+00
1.140267133712768555e+00
1.140238046646118164e+00
1.140110015869140625e+00
1.140116214752197266e+00
1.140252828598022461e+00
1.140230774879455566e+00
1.140128850936889648e+00
1.140135288238525391e+00
1.140213131904602051e+00
1.140208125114440918e+00
1.140178203582763672e+00
1.140181899070739746e+00
1.140188813209533691e+00
1.140177488327026367e+00
1.140150666236877441e+00
1.140172362327575684e+00
1.140179395675659180e+00
1.140167355537414551e+00
1.140159010887145996e+00
1.140163302421569824e+00
1.140174746513366699e+00
1.140169262886047363e+00
1.140155792236328125e+00
1.140168070793151855e+00
1.140174508094787598e+00
1.140168786048889160e+00
1.140181064605712891e+00
1.140170812606811523e+00
1.140167236328125000e+00
1.140176057815551758e+00
1.140170693397521973e+00
1.140176415443420410e+00
1.140169858932495117e+00
1.140169024467468262e+00
1.140156030654907227e+00
1.140166997909545898e+00
1.140163779258728027e+00
1.140159964561462402e+00
1.140157341957092285e+00
1.140165090560913086e+00
1.140156507492065430e+00
1.140162348747253418e+00
1.140161156654357910e+00
1.140155076980590820e+00
1.140158295631408691e+00
1.140167832374572754e+00
1.140164017677307129e+00
1.140159487724304199e+00
1.140163779258728027e+00
1.140173792839050293e+00
1.140161871910095215e+00
1.140169978141784668e+00
1.140151023864746094e+00
1.140169262886047363e+00
1.140157580375671387e+00
1.140161395072937012e+00
1.140163302421569824e+00
1.140160441398620605e+00
1.140157938003540039e+00
1.140164971351623535e+00
1.140165448188781738e+00
