/*--------------------------------*- C++ -*----------------------------------*\
| =========                 |                                                 |
| \\      /  F ield         | OpenFOAM: The Open Source CFD Toolbox           |
|  \\    /   O peration     | Version:  2406                                  |
|   \\  /    A nd           | Website:  www.openfoam.com                      |
|    \\/     M anipulation  |                                                 |
\*---------------------------------------------------------------------------*/
FoamFile
{
    version     2.0;
    format      ascii;
    arch        "LSB;label=32;scalar=64";
    class       volTensorField;
    location    "30/fluidRegion";
    object      KdTotU;
}
// * * * * * * * * * * * * * * * * * * * * * * * * * * * * * * * * * * * * * //

dimensions      [1 -2 -2 0 0 0 0];

internalField   nonuniform List<tensor> 
75
(
(539.428 0 0 0 539.428 0 0 0 539.428)
(539.428 0 0 0 539.428 0 0 0 539.428)
(539.428 0 0 0 539.428 0 0 0 539.428)
(539.428 0 0 0 539.428 0 0 0 539.428)
(539.428 0 0 0 539.428 0 0 0 539.428)
(538.555 0 0 0 538.555 0 0 0 538.555)
(538.237 0 0 0 538.237 0 0 0 538.237)
(554.715 0 0 0 554.715 0 0 0 554.715)
(584.039 0 0 0 584.039 0 0 0 584.039)
(622.156 0 0 0 622.156 0 0 0 622.156)
(668.547 0 0 0 668.547 0 0 0 668.547)
(723.381 0 0 0 723.381 0 0 0 723.381)
(787.571 0 0 0 787.571 0 0 0 787.571)
(862.38 0 0 0 862.38 0 0 0 862.38)
(949.352 0 0 0 949.352 0 0 0 949.352)
(1050.21 0 0 0 1050.21 0 0 0 1050.21)
(1166.78 0 0 0 1166.78 0 0 0 1166.78)
(1300.84 0 0 0 1300.84 0 0 0 1300.84)
(1453.97 0 0 0 1453.97 0 0 0 1453.97)
(1627.39 0 0 0 1627.39 0 0 0 1627.39)
(1824.38 0 0 0 1824.38 0 0 0 1824.38)
(2058.39 0 0 0 2058.39 0 0 0 2058.39)
(2315.67 0 0 0 2315.67 0 0 0 2315.67)
(2581.06 0 0 0 2581.06 0 0 0 2581.06)
(2850.31 0 0 0 2850.31 0 0 0 2850.31)
(3121.84 0 0 0 3121.84 0 0 0 3121.84)
(3394.48 0 0 0 3394.48 0 0 0 3394.48)
(3666.05 0 0 0 3666.05 0 0 0 3666.05)
(3935.51 0 0 0 3935.51 0 0 0 3935.51)
(4202.98 0 0 0 4202.98 0 0 0 4202.98)
(4468.58 0 0 0 4468.58 0 0 0 4468.58)
(4732.38 0 0 0 4732.38 0 0 0 4732.38)
(4994.47 0 0 0 4994.47 0 0 0 4994.47)
(5254.9 0 0 0 5254.9 0 0 0 5254.9)
(5513.72 0 0 0 5513.72 0 0 0 5513.72)
(5770.97 0 0 0 5770.97 0 0 0 5770.97)
(6026.74 0 0 0 6026.74 0 0 0 6026.74)
(6281.25 0 0 0 6281.25 0 0 0 6281.25)
(6534.59 0 0 0 6534.59 0 0 0 6534.59)
(6786.79 0 0 0 6786.79 0 0 0 6786.79)
(7037.85 0 0 0 7037.85 0 0 0 7037.85)
(7287.76 0 0 0 7287.76 0 0 0 7287.76)
(7536.51 0 0 0 7536.51 0 0 0 7536.51)
(7784.09 0 0 0 7784.09 0 0 0 7784.09)
(8030.48 0 0 0 8030.48 0 0 0 8030.48)
(8275.64 0 0 0 8275.64 0 0 0 8275.64)
(8553.86 0 0 0 8553.86 0 0 0 8553.86)
(8950.57 0 0 0 8950.57 0 0 0 8950.57)
(9343.61 0 0 0 9343.61 0 0 0 9343.61)
(9735.8 0 0 0 9735.8 0 0 0 9735.8)
(10129.2 0 0 0 10129.2 0 0 0 10129.2)
(10524.6 0 0 0 10524.6 0 0 0 10524.6)
(10922.5 0 0 0 10922.5 0 0 0 10922.5)
(11323.3 0 0 0 11323.3 0 0 0 11323.3)
(11726.9 0 0 0 11726.9 0 0 0 11726.9)
(12133.3 0 0 0 12133.3 0 0 0 12133.3)
(12542.6 0 0 0 12542.6 0 0 0 12542.6)
(12954.7 0 0 0 12954.7 0 0 0 12954.7)
(13369.4 0 0 0 13369.4 0 0 0 13369.4)
(13786.7 0 0 0 13786.7 0 0 0 13786.7)
(14206.5 0 0 0 14206.5 0 0 0 14206.5)
(14628.7 0 0 0 14628.7 0 0 0 14628.7)
(15053.1 0 0 0 15053.1 0 0 0 15053.1)
(15479.8 0 0 0 15479.8 0 0 0 15479.8)
(15908.5 0 0 0 15908.5 0 0 0 15908.5)
(16339.2 0 0 0 16339.2 0 0 0 16339.2)
(16771.8 0 0 0 16771.8 0 0 0 16771.8)
(17206.2 0 0 0 17206.2 0 0 0 17206.2)
(17642.3 0 0 0 17642.3 0 0 0 17642.3)
(18079.7 0 0 0 18079.7 0 0 0 18079.7)
(18519.6 0 0 0 18519.6 0 0 0 18519.6)
(18957.4 0 0 0 18957.4 0 0 0 18957.4)
(19409.2 0 0 0 19409.2 0 0 0 19409.2)
(19815.2 0 0 0 19815.2 0 0 0 19815.2)
(20394.8 0 0 0 20394.8 0 0 0 20394.8)
)
;

boundaryField
{
    inlet
    {
        type            zeroGradient;
    }
    outlet
    {
        type            zeroGradient;
    }
    fixedWalls
    {
        type            zeroGradient;
    }
}


// ************************************************************************* //
