1.224687576293945312e+00
1.198258757591247559e+00
1.157910943031311035e+00
1.157224416732788086e+00
1.166375994682312012e+00
1.165425896644592285e+00
1.163007855415344238e+00
1.163189530372619629e+00
1.163831949234008789e+00
1.163788080215454102e+00
1.163615226745605469e+00
1.163607597351074219e+00
1.163655638694763184e+00
1.163655281066894531e+00
1.163649916648864746e+00
1.163648128509521484e+00
1.163652300834655762e+00
1.163657784461975098e+00
1.163658499717712402e+00
1.163649559020996094e+00
1.163663864135742188e+00
1.163655281066894531e+00
1.163650512695312500e+00
1.163649201393127441e+00
1.163659572601318359e+00
1.163659572601318359e+00
1.163642764091491699e+00
1.163653731346130371e+00
1.163657665252685547e+00
1.163653492927551270e+00
1.163649201393127441e+00
1.163648009300231934e+00
1.163656592369079590e+00
1.163653731346130371e+00
1.163654565811157227e+00
1.163655638694763184e+00
1.163657069206237793e+00
1.163650512695312500e+00
1.163645267486572266e+00
1.163656473159790039e+00
1.163655161857604980e+00
1.163650035858154297e+00
1.163654804229736328e+00
1.163644075393676758e+00
1.163645863533020020e+00
1.163653254508972168e+00
1.163649797439575195e+00
1.163657546043395996e+00
1.163653850555419922e+00
1.163662910461425781e+00
1.163647890090942383e+00
1.163653731346130371e+00
1.163651823997497559e+00
1.163658618927001953e+00
1.163656234741210938e+00
1.163651704788208008e+00
1.163655281066894531e+00
1.163652777671813965e+00
1.163651585578918457e+00
1.163654088973999023e+00
1.163658380508422852e+00
1.163655519485473633e+00
1.163651823997497559e+00
1.163646697998046875e+00
1.163659811019897461e+00
1.163650274276733398e+00
1.163639783859252930e+00
1.163652420043945312e+00
1.163653612136840820e+00
1.163654685020446777e+00
1.163650393486022949e+00
1.163657903671264648e+00
1.163652539253234863e+00
1.163649678230285645e+00
1.163654804229736328e+00
1.163650393486022949e+00
1.163655877113342285e+00
1.163651704788208008e+00
1.163652420043945312e+00
1.163661122322082520e+00
1.163651108741760254e+00
1.163652777671813965e+00
1.163656711578369141e+00
1.163655519485473633e+00
1.163655281066894531e+00
1.163650035858154297e+00
1.163643956184387207e+00
1.163663029670715332e+00
1.163658499717712402e+00
1.163650989532470703e+00
1.163652896881103516e+00
1.163661479949951172e+00
1.163657665252685547e+00
1.163653254508972168e+00
1.163655281066894531e+00
1.163658022880554199e+00
1.163654327392578125e+00
1.163655638694763184e+00
1.163656353950500488e+00
1.163658022880554199e+00
1.163657188415527344e+00
1.163647413253784180e+00
1.163649439811706543e+00
1.163654327392578125e+00
1.163657784461975098e+00
1.163653850555419922e+00
1.163653731346130371e+00
1.163652539253234863e+00
1.163652181625366211e+00
1.163655757904052734e+00
1.163650512695312500e+00
1.163653135299682617e+00
1.163650512695312500e+00
1.163659453392028809e+00
1.163655996322631836e+00
1.163648843765258789e+00
1.163646101951599121e+00
1.163654685020446777e+00
1.163649916648864746e+00
1.163657188415527344e+00
1.163662075996398926e+00
1.163645505905151367e+00
1.163656592369079590e+00
1.163655638694763184e+00
1.163657784461975098e+00
1.163661003112792969e+00
1.163657784461975098e+00
1.163648605346679688e+00
1.163660645484924316e+00
1.163648962974548340e+00
1.163656115531921387e+00
1.163654685020446777e+00
1.163656473159790039e+00
1.163647890090942383e+00
1.163659930229187012e+00
1.163659214973449707e+00
1.163652062416076660e+00
1.163653016090393066e+00
1.163657903671264648e+00
1.163648366928100586e+00
1.163651823997497559e+00
1.163650870323181152e+00
1.163652181625366211e+00
1.163661599159240723e+00
1.163653492927551270e+00
1.163654685020446777e+00
1.163660049438476562e+00
1.163654923439025879e+00
1.163650989532470703e+00
1.163654088973999023e+00
1.163654804229736328e+00
1.163649678230285645e+00
1.163657307624816895e+00
1.163646936416625977e+00
1.163653850555419922e+00
1.163662314414978027e+00
1.163656234741210938e+00
1.163656830787658691e+00
1.163655996322631836e+00
1.163661003112792969e+00
1.163644790649414062e+00
1.163661003112792969e+00
1.163662433624267578e+00
1.163653969764709473e+00
1.163653492927551270e+00
1.163641452789306641e+00
1.163661718368530273e+00
1.163660526275634766e+00
1.163658142089843750e+00
1.163648366928100586e+00
1.163653850555419922e+00
1.163661003112792969e+00
1.163658380508422852e+00
1.163656473159790039e+00
1.163662552833557129e+00
1.163658261299133301e+00
1.163650155067443848e+00
1.163659572601318359e+00
1.163659214973449707e+00
1.163652658462524414e+00
1.163655638694763184e+00
1.163655638694763184e+00
