1.224687576293945312e+00
1.171308875083923340e+00
1.157773494720458984e+00
1.166345357894897461e+00
1.163039922714233398e+00
1.163667917251586914e+00
1.163768887519836426e+00
1.163715004920959473e+00
1.163697957992553711e+00
1.163685917854309082e+00
1.163678884506225586e+00
1.163664460182189941e+00
1.163668870925903320e+00
1.163667201995849609e+00
1.163656473159790039e+00
1.163650512695312500e+00
1.163655638694763184e+00
1.163663029670715332e+00
1.163655996322631836e+00
1.163658499717712402e+00
1.163653731346130371e+00
1.163654923439025879e+00
1.163655042648315430e+00
1.163656115531921387e+00
1.163655042648315430e+00
1.163657426834106445e+00
1.163641214370727539e+00
1.163657307624816895e+00
1.163648366928100586e+00
1.163642048835754395e+00
1.163658499717712402e+00
1.163649320602416992e+00
1.163653135299682617e+00
1.163652896881103516e+00
1.163648366928100586e+00
1.163655996322631836e+00
1.163645148277282715e+00
1.163640856742858887e+00
1.163660526275634766e+00
1.163644671440124512e+00
1.163653254508972168e+00
1.163657426834106445e+00
1.163654327392578125e+00
1.163658738136291504e+00
1.163660407066345215e+00
1.163661837577819824e+00
1.163653373718261719e+00
1.163652420043945312e+00
1.163650870323181152e+00
1.163659930229187012e+00
1.163652300834655762e+00
1.163649201393127441e+00
1.163652181625366211e+00
1.163659334182739258e+00
1.163654327392578125e+00
1.163664221763610840e+00
1.163658857345581055e+00
1.163645505905151367e+00
1.163654565811157227e+00
1.163656711578369141e+00
1.163646697998046875e+00
1.163650274276733398e+00
1.163661003112792969e+00
1.163648605346679688e+00
1.163654327392578125e+00
1.163656473159790039e+00
1.163660168647766113e+00
1.163649439811706543e+00
1.163664817810058594e+00
1.163640975952148438e+00
1.163649201393127441e+00
1.163655400276184082e+00
1.163660287857055664e+00
1.163647651672363281e+00
1.163659930229187012e+00
1.163655757904052734e+00
1.163662552833557129e+00
1.163658499717712402e+00
1.163655519485473633e+00
1.163654446601867676e+00
1.163654088973999023e+00
1.163654088973999023e+00
