1.741354687500000000e+04
1.036818457031250000e+04
5.144069335937500000e+03
2.860926757812500000e+03
1.653354125976562500e+03
9.712578125000000000e+02
5.752059326171875000e+02
3.421132507324218750e+02
2.039605407714843750e+02
1.217605590820312500e+02
7.274346923828125000e+01
4.347792816162109375e+01
2.599475860595703125e+01
1.555018329620361328e+01
9.315042495727539062e+00
5.601678371429443359e+00
3.405666351318359375e+00
2.132215499877929688e+00
1.436442613601684570e+00
1.129885435104370117e+00
