1.741358984375000000e+04
1.036819531250000000e+04
5.144067382812500000e+03
2.860929687500000000e+03
1.653350830078125000e+03
9.712598266601562500e+02
5.751853027343750000e+02
3.420993652343750000e+02
2.039498291015625000e+02
1.217568969726562500e+02
7.274098205566406250e+01
4.347645950317382812e+01
2.599393081665039062e+01
1.554957008361816406e+01
9.314668655395507812e+00
5.601520061492919922e+00
3.405576229095458984e+00
2.132157564163208008e+00
1.436393976211547852e+00
1.129861593246459961e+00
