8.474461914062500000e+03
1.055594140625000000e+04
6.748070312500000000e+03
4.509931152343750000e+03
3.052564453125000000e+03
2.075788330078125000e+03
1.414661621093750000e+03
9.651857910156250000e+02
6.588995361328125000e+02
4.499202270507812500e+02
3.072094726562500000e+02
2.096819458007812500e+02
1.429873657226562500e+02
9.732446289062500000e+01
6.598060607910156250e+01
4.435482406616210938e+01
2.926763534545898438e+01
1.849973106384277344e+01
1.046609115600585938e+01
3.969558715820312500e+00
