1.483189073242284298e+09
8.831042965821257830e+08
4.381432160737323165e+08
2.436778295078943372e+08
1.408235089296525419e+08
8.272633858811156452e+07
4.899284219613934308e+07
2.913930395341851935e+07
1.737222448800242692e+07
1.037088722238503769e+07
6.195884129662987776e+06
3.703208107999495231e+06
2.214088962041302584e+06
1.324478127138810931e+06
7.934035119683581870e+05
4.771198086157727521e+05
2.900757183843001840e+05
1.816102574574877799e+05
1.223481927103726775e+05
9.623735723641347431e+04
