1.483192733081428528e+09
8.831052115419118404e+08
4.381430497174075842e+08
2.436780790423814356e+08
1.408232282033545375e+08
8.272651014307145774e+07
4.899108505745936185e+07
2.913812126392237842e+07
1.737131212753397599e+07
1.037057530427616462e+07
6.195672285280711949e+06
3.703083015841249377e+06
2.214018455552109517e+06
1.324425897101309616e+06
7.933716703280773945e+05
4.771063246558579267e+05
2.900680422745896503e+05
1.816053228155309916e+05
1.223440500479892071e+05
9.623532651955883193e+04
