7.218075331103614569e+08
8.990963796131162643e+08
5.747630982255384922e+08
3.841308525050980449e+08
2.600004625561276078e+08
1.768041049670256078e+08
1.204930089087015688e+08
8.220915756905995309e+07
5.612139786177808791e+07
3.832170260215333849e+07
2.616639426252869517e+07
1.785954194744710997e+07
1.217886855411483534e+07
8.289556455944546498e+06
5.619861059031197801e+06
3.777897224083796609e+06
2.492854399831995834e+06
1.575704201376979472e+06
8.914434350207934622e+05
3.381049337714757421e+05
