1.458094640397663829e-04
3.202411830608258556e-04
-1.139053571778671724e-04
-1.621359897701329239e-03
-7.899968968765250362e-04
-6.912529852032940018e-05
-1.697819532820867656e-04
1.338119399866281390e-03
4.488985153221381082e-05
4.762249696876222718e-04
1.678153276228539002e-04
3.772906146674810451e-04
-5.576597427238872296e-04
-2.036155497999088144e-03
-9.009722924407757979e-04
-1.779109811763469884e-03
-9.941078805930255152e-04
1.677307880637681273e-04
7.718320795464852493e-04
1.371621116896538624e-03
