2.093102047714554604e-14
3.706253553481406388e-04
1.168658107317014857e-04
-4.007247524416075671e-06
-4.273882264044957014e-06
-4.466708906529021900e-06
-4.582365638977680609e-06
-4.616729269842940472e-06
-4.568642872983563073e-06
-4.439502797891852317e-06
-4.232633796667863584e-06
-3.953157712006570886e-06
-3.607315371434902424e-06
-3.202210128287026769e-06
-2.745681982137320025e-06
-2.246109466977476665e-06
-1.712377219272911006e-06
-1.153737543789795319e-06
-5.797097501255728865e-07
0.000000000000000000e+00
