1.109168464149720180e-02
7.557314467943603876e-03
2.592851535753035869e-03
-6.790746698665103484e-04
-2.424058425246814526e-03
-3.667969839440104324e-03
-4.299050391615563335e-03
-4.627391759733223177e-03
-4.712025845106969542e-03
-4.625927286112900896e-03
-4.399748548800768919e-03
-4.078016158137252704e-03
-3.697887774686100821e-03
-3.274630087266578674e-03
-2.817455538392347157e-03
-2.336797247618223935e-03
-1.835532572708089682e-03
-1.319887071528479377e-03
-7.947865259184407581e-04
-2.637894770926291882e-04
