3.802800201810896397e-04
-3.052921965718269348e-04
-4.341516978456638753e-05
1.515775104053318501e-03
-4.878686740994453430e-04
-1.270209089852869511e-03
6.903157191118225455e-05
-8.600116125307977200e-04
-6.576825981028378010e-04
-3.866230254061520100e-04
-1.569515909068286419e-03
-2.277683932334184647e-03
-2.315645571798086166e-03
-6.271302845561876893e-05
6.937899743206799030e-04
1.161069027148187160e-03
1.642291084863245487e-03
1.123818103224039078e-03
8.929878240451216698e-04
7.267522742040455341e-04
