0.000000000000000000e+00
2.625384491361792395e-07
2.577085940804199861e-07
2.501185321488461758e-07
2.419580628422665225e-07
2.288807672913185576e-07
2.148608906745311724e-07
1.996494390885220047e-07
1.836784653788888269e-07
1.672707652855286231e-07
1.505800527953686945e-07
1.338849745206994447e-07
1.171678716627001046e-07
1.004513105135449224e-07
8.374223830002134580e-08
6.702729799218324011e-08
5.029844094716651490e-08
3.355306952617183914e-08
1.678692386675054281e-08
0.000000000000000000e+00
