-2.755398257245752680e-07
-2.690026542281353269e-04
-8.836786843030673818e-04
-1.231328731823042120e-03
-1.347433811270641255e-03
-1.279830305272428460e-03
-9.306958154428876312e-04
-6.682979125792222475e-04
-4.658239973265671722e-04
-3.115578444996032893e-04
-1.921446046456106479e-04
-9.952527382667594031e-05
-2.945781523523767039e-05
2.205481565758862997e-05
6.129803305557490084e-05
8.933509138296109170e-05
1.094360536910441378e-04
1.233656675111178137e-04
1.314311215970814664e-04
1.341289588256268741e-04
