-4.149948654230684042e-04
6.593191210413351655e-05
1.746580586768686771e-03
-9.216225007548928261e-04
6.718750228174030781e-04
-5.592849338427186012e-04
-1.379412249661982059e-03
-1.079346402548253536e-03
1.256865100003778934e-03
1.077746390365064144e-03
8.495418587699532509e-04
1.667063217610120773e-03
1.122640212997794151e-03
1.110063865780830383e-03
4.299979773350059986e-04
4.341341846156865358e-04
4.200404218863695860e-04
-1.006354650598950684e-04
8.298925422423053533e-06
-6.013785605318844318e-04
