-3.344483594796662427e-04
-1.780331740037112008e-04
1.442223737456583394e-04
2.707151775962192918e-04
2.070371318132608305e-04
2.502922355474713340e-04
7.261631484962289239e-05
7.313252092624725122e-05
3.915140800101056566e-05
2.432500387677280249e-05
4.624038858278869755e-06
4.754159839354371322e-06
4.715518760181339560e-07
-1.030740136471725189e-06
-1.532669324833123669e-06
-8.593919973137150229e-07
-4.199343207594830688e-07
-2.309976666008300835e-07
-2.282700206793874634e-08
7.105810388437023385e-10
