-4.149948636097504080e-04
6.593190891868451454e-05
1.746580641229710353e-03
-9.216224925048858117e-04
6.718750023210358878e-04
-5.592849247047302751e-04
-1.379412209122521816e-03
-1.079346412036121926e-03
1.256865064314357681e-03
1.077746367190022831e-03
8.495418399849925762e-04
1.667063252235428386e-03
1.122640226751063725e-03
1.110063875886490616e-03
4.299979687791857211e-04
4.341341832182429058e-04
4.200404078775467841e-04
-1.006354682512319387e-04
8.298925294506180882e-06
-6.013785495412801718e-04
