1.458094629924744368e-04
3.202411753591150045e-04
-1.139053565566428006e-04
-1.621359842829406261e-03
-7.899968768469989300e-04
-6.912530079716816545e-05
-1.697819534456357360e-04
1.338119385764002800e-03
4.488984995987266302e-05
4.762249591294676065e-04
1.678153348620980978e-04
3.772906202357262373e-04
-5.576597177423536777e-04
-2.036155434325337410e-03
-9.009722853079438210e-04
-1.779109821654856205e-03
-9.941079188138246536e-04
1.677307882346212864e-04
7.718320703133940697e-04
1.371621154248714447e-03
