-2.093102047714554288e-14
3.256144313494803617e-05
1.846897777969810304e-05
1.309896701712236192e-05
6.538285597319809036e-06
4.485021061885845955e-08
5.554627683715442900e-09
-2.750074465508749632e-08
-5.337197348044108899e-08
-7.218039797019929274e-08
-8.420904571681457630e-08
-8.994924175692731050e-08
-9.017645867026900981e-08
-8.576449946864346064e-08
-7.732320308010072164e-08
-6.563827412404997014e-08
-5.133304086474915750e-08
-3.515453565016513951e-08
-1.778410720409034201e-08
0.000000000000000000e+00
