-3.505553094521243900e-07
2.546935453247246763e-04
6.651870036545339232e-05
-6.497405289097726107e-05
-1.326357127068717703e-04
-2.048668938676543737e-04
-2.199994549086379592e-04
-2.367602952476517968e-04
-2.450803724689983032e-04
-2.501788128648830861e-04
-2.505254407998984585e-04
-2.512731062920352774e-04
-2.511003140720851029e-04
-2.506646989844475769e-04
-2.501791001201465530e-04
-2.499230389040261449e-04
-2.498143967797644303e-04
-2.497746334691128560e-04
-2.498013390050190055e-04
-2.498405670818463044e-04
