4.643718198721071791e-06
-5.728354754808799403e-03
-1.408088321349930568e-02
-1.252627675261704966e-02
-8.053282130349231557e-03
-4.883978102938704192e-03
-2.592132694324960837e-03
-8.497179869701126757e-04
5.198145971476395575e-04
1.618420587856154568e-03
2.511076921262092327e-03
3.238227973549948763e-03
3.831765673607911635e-03
4.314294891240442326e-03
4.701728600211132168e-03
5.006197670256767179e-03
5.235693692014503457e-03
5.396026850760052632e-03
5.491167511673279190e-03
5.523310566809902858e-03
