3.802800151520673564e-04
-3.052921845077586575e-04
-4.341517045245603385e-05
1.515775049889177880e-03
-4.878686657641717909e-04
-1.270209115233345660e-03
6.903157331590140968e-05
-8.600116101393101044e-04
-6.576825988616531206e-04
-3.866230329768963344e-04
-1.569515947368883054e-03
-2.277684030501585070e-03
-2.315645536345849534e-03
-6.271302831811888061e-05
6.937900013303277850e-04
1.161068995368005376e-03
1.642291027275442471e-03
1.123818160857457298e-03
8.929878041499423073e-04
7.267522612640744993e-04
