5.012742545103380555e-04
4.478008283342196721e-04
2.727693407500487457e-04
7.399783672993169061e-04
1.940755974778391910e-04
-1.479183661515600290e-04
-2.297340696957020020e-04
-3.153290541034907738e-04
-3.863515596988909679e-04
-3.928353380289544526e-04
-3.808086535607537512e-04
-3.544917320775263850e-04
-3.105349066831926690e-04
-2.603743105615963075e-04
-2.236916785857863139e-04
-1.802557818742610697e-04
-1.413883805162510180e-04
-1.029206129902196704e-04
-6.205911823653671461e-05
-2.083770015006548867e-05
