7.353933882737127306e+02
5.720959966274876933e+02
4.268512903575219752e+02
3.800032296764291004e+02
3.586355317289301183e+02
3.474850716133811375e+02
3.412662765751398410e+02
3.376615688115488183e+02
3.355147770461073264e+02
3.342048622476442574e+02
3.333834655498408210e+02
3.328500830217087127e+02
3.324874589230506103e+02
3.322264124429943877e+02
3.320258805252170191e+02
3.318613757850648653e+02
3.317182096501377941e+02
3.315874689458874514e+02
3.314635819155136005e+02
3.313428029769664249e+02
