7.353934216365485099e+02
5.720654009092467049e+02
4.267968468692126862e+02
3.799602163795555612e+02
3.586095777814676921e+02
3.474700626174364970e+02
3.412588497705156669e+02
3.376597353227348322e+02
3.355172193068873412e+02
3.342106513149711873e+02
3.333919433731687150e+02
3.328607417265447452e+02
3.324998883655462123e+02
3.322402776898114780e+02
3.320408967836539773e+02
3.318772942087612705e+02
3.317348067260553535e+02
3.316045384352412952e+02
3.314809294749667288e+02
3.313602405275434535e+02
