7.351181895054115785e+02
5.668663906058877728e+02
3.968800212315709928e+02
3.398262866601847918e+02
3.120515010539476179e+02
2.963272482675529318e+02
2.867245757627250100e+02
2.805933879074059405e+02
2.765655805200748887e+02
2.738657194159762867e+02
2.720267547275266224e+02
2.707557812843584770e+02
2.698640136650088834e+02
2.692276092889638335e+02
2.687644703878142991e+02
2.684198971627008632e+02
2.681575408308291344e+02
2.679535912407395699e+02
2.677930556207508630e+02
2.676675214009966339e+02
