1.602100502840152330e+03
1.195482025953620223e+03
8.759324036658190380e+02
7.362628544871305394e+02
6.623758873604023165e+02
6.206319290039583620e+02
5.963836660475160443e+02
5.821033213295801261e+02
5.736300701759309959e+02
5.685791980736364621e+02
5.655577746855012720e+02
5.637442921543963621e+02
5.626513804719604650e+02
5.619888774360998696e+02
5.615837360823577455e+02
5.613327520928799004e+02
5.611744863517991462e+02
5.610725786620789677e+02
5.610059522325109356e+02
5.609630941121495198e+02
