1.602266655665692269e+03
1.195564935913825593e+03
8.759523163352033635e+02
7.362579975436547102e+02
6.623604680335008652e+02
6.206101530585826822e+02
5.963589201303375376e+02
5.820776830695139097e+02
5.736048985594530905e+02
5.685551676264889238e+02
5.655352038933921222e+02
5.637234866839443157e+02
5.626326078174068925e+02
5.619722929164988727e+02
5.615694834670473483e+02
5.613209443301360579e+02
5.611652135026887436e+02
5.610659111298382413e+02
5.610019360851060810e+02
5.609617603481963215e+02
