1.058554794497847070e+03
1.207211465072367901e+03
9.742344225129703545e+02
8.372841811919454358e+02
7.481024100478326773e+02
6.883186556801800862e+02
6.478431658186657387e+02
6.203154474557275080e+02
6.015471357829951558e+02
5.887313746582840395e+02
5.799695923935298651e+02
5.739718640576962798e+02
5.698603118723062835e+02
5.670353673782824444e+02
5.650864597926317856e+02
5.637320444150579988e+02
5.627776377597285773e+02
5.620874552115733422e+02
5.615645161992515568e+02
5.611355846482837251e+02
