5.431499999999999773e+02
5.612579556722143934e+02
5.612443623936486574e+02
5.612276259026764365e+02
5.612087651613674097e+02
5.611889678628137972e+02
5.611685965196072630e+02
5.611478741940684358e+02
5.611269335876501145e+02
5.611058547320235448e+02
5.610846864959803497e+02
5.610634590197525995e+02
5.610421892369913621e+02
5.610208875665000505e+02
5.609995602334665818e+02
5.609782109458371906e+02
5.609568418942481003e+02
5.609354543438622613e+02
5.609140489761831532e+02
5.608926260732330320e+02
