5.431499999999999773e+02
5.612598263353061157e+02
5.612449512393121722e+02
5.612276041994155094e+02
5.612087421180353886e+02
5.611889438752548358e+02
5.611685720077975930e+02
5.611478495916669544e+02
5.611269093253081337e+02
5.611058312245720572e+02
5.610846641401361694e+02
5.610634381834800024e+02
5.610421702561276334e+02
5.610208707406030726e+02
5.609995458223456808e+02
5.609781991667817920e+02
5.609568329196930563e+02
5.609354482995158833e+02
5.609140459396985534e+02
5.608926260732330320e+02
