5.431500000000000909e+02
5.614062673771206846e+02
5.613893444515343845e+02
5.613682734860663004e+02
5.613442385145202707e+02
5.613180773210060579e+02
5.612904021611252574e+02
5.612616805849643242e+02
5.612322276535207948e+02
5.612022619413787652e+02
5.611719342766589307e+02
5.611413484359713948e+02
5.611105757084753805e+02
5.610796650517256694e+02
5.610486501396543417e+02
5.610175542388979011e+02
5.609863935996847886e+02
5.609551798370183633e+02
5.609239216398900680e+02
5.608926260732330320e+02
